0.0000000000, -30.68517
12.2065429688, -33.68570
24.4130859375, -76.12112
36.6196289063, -75.09816
48.8261718750, -68.80383
61.0327148438, -73.88608
73.2392578125, -83.33818
85.4458007813, -90.06827
97.6523437500, -87.02193
109.8588867188, -89.07094
122.0654296875, -84.64816
134.2719726563, -81.60414
146.4785156250, -73.50317
158.6850585938, -76.16835
170.8916015625, -89.14289
183.0981445313, -94.33506
195.3046875000, -91.91093
207.5112304688, -93.45364
219.7177734375, -91.81264
231.9243164063, -87.19654
244.1308593750, -81.00713
256.3374023438, -81.68055
268.5439453125, -92.57759
280.7504882813, -94.74417
292.9570312500, -94.89904
305.1635742188, -95.35142
317.3701171875, -94.72895
329.5766601563, -93.74745
341.7832031250, -85.70595
353.9897460938, -84.26402
366.1962890625, -93.63187
378.4028320313, -95.34398
390.6093750000, -95.15233
402.8159179688, -95.08119
415.0224609375, -96.58422
427.2290039063, -96.38550
439.4355468750, -90.13379
451.6420898438, -87.03214
463.8486328125, -93.53880
476.0551757813, -95.16908
488.2617187500, -95.17787
500.4682617188, -94.95617
512.6748046875, -95.05598
524.8813476563, -92.71618
537.0878906250, -94.21300
549.2944335938, -93.03258
561.5009765625, -94.58069
573.7075195313, -96.28569
585.9140625000, -95.37935
598.1206054688, -96.42442
610.3271484375, -96.40019
622.5336914063, -95.78791
634.7402343750, -94.56716
646.9467773438, -90.50668
659.1533203125, -93.16918
671.3598632813, -96.91522
683.5664062500, -95.55422
695.7729492188, -95.98574
707.9794921875, -97.07004
720.1860351563, -96.26804
732.3925781250, -94.73250
744.5991210938, -85.18689
756.8056640625, -86.78465
769.0122070313, -96.25846
781.2187500000, -95.89926
793.4252929688, -95.91671
805.6318359375, -96.72549
817.8383789063, -97.06003
830.0449218750, -96.94259
842.2514648438, -91.82144
854.4580078125, -90.61785
866.6645507813, -94.46973
878.8710937500, -97.01208
891.0776367188, -96.60652
903.2841796875, -97.40805
915.4907226563, -97.82318
927.6972656250, -96.93907
939.9038085938, -87.15721
952.1103515625, -83.79805
964.3168945313, -92.28588
976.5234375000, -99.00772
988.7299804688, -97.56493
1000.9365234375, -97.37578
1013.1430664063, -97.76633
1025.3496093750, -97.44967
1037.5561523438, -95.21673
1049.7626953125, -90.10260
1061.9692382813, -94.33912
1074.1757812500, -97.21669
1086.3823242188, -96.53717
1098.5888671875, -97.40705
1110.7954101563, -97.88171
1123.0019531250, -99.09707
1135.2084960938, -95.20828
1147.4150390625, -87.34716
1159.6215820313, -91.61539
1171.8281250000, -97.70824
1184.0346679688, -97.14605
1196.2412109375, -98.69432
1208.4477539063, -99.76842
1220.6542968750, -99.86513
1232.8608398438, -98.19522
1245.0673828125, -88.78882
1257.2739257813, -89.86664
1269.4804687500, -95.16697
1281.6870117188, -98.61925
1293.8935546875, -98.79099
1306.1000976563, -99.35877
1318.3066406250, -99.43023
1330.5131835938, -98.15268
1342.7197265625, -93.30451
1354.9262695313, -92.94923
1367.1328125000, -98.93736
1379.3393554688, -99.45744
1391.5458984375, -99.28929
1403.7524414063, -99.29335
1415.9589843750, -99.20838
1428.1655273438, -99.43230
1440.3720703125, -98.40643
1452.5786132813, -98.26795
1464.7851562500, -98.73292
1476.9916992188, -100.03252
1489.1982421875, -99.74037
1501.4047851563, -99.49323
1513.6113281250, -99.50980
1525.8178710938, -100.62557
1538.0244140625, -95.74550
1550.2309570313, -91.58280
1562.4375000000, -97.47717
1574.6440429688, -100.47586
1586.8505859375, -99.80578
1599.0571289063, -99.57421
1611.2636718750, -99.61897
1623.4702148438, -99.59400
1635.6767578125, -97.14820
1647.8833007813, -91.80454
1660.0898437500, -96.40635
1672.2963867188, -99.38564
1684.5029296875, -100.18157
1696.7094726563, -99.78901
1708.9160156250, -98.40453
1721.1225585938, -100.06932
1733.3291015625, -100.91645
1745.5356445313, -99.60838
1757.7421875000, -99.69450
1769.9487304688, -101.21859
1782.1552734375, -100.50408
1794.3618164063, -100.26340
1806.5683593750, -100.11834
1818.7749023438, -100.23863
1830.9814453125, -100.70082
1843.1879882813, -97.47517
1855.3945312500, -97.93173
1867.6010742188, -100.79953
1879.8076171875, -100.56423
1892.0141601563, -100.15855
1904.2207031250, -100.05238
1916.4272460938, -99.85030
1928.6337890625, -100.80463
1940.8403320313, -100.89985
1953.0468750000, -100.03298
1965.2534179688, -100.94338
1977.4599609375, -100.37729
1989.6665039063, -100.28101
2001.8730468750, -101.16469
2014.0795898438, -100.68072
2026.2861328125, -100.74996
2038.4926757813, -100.81124
2050.6992187500, -99.17498
2062.9057617188, -99.36277
2075.1123046875, -100.16655
2087.3188476563, -100.02783
2099.5253906250, -100.08706
2111.7319335938, -100.57789
2123.9384765625, -101.18583
2136.1450195313, -99.83498
2148.3515625000, -98.36763
2160.5581054688, -99.86718
2172.7646484375, -100.42602
2184.9711914063, -101.10051
2197.1777343750, -101.61188
2209.3842773438, -101.94744
2221.5908203125, -101.94371
2233.7973632813, -100.47538
2246.0039062500, -99.47241
2258.2104492188, -100.92854
2270.4169921875, -101.49791
2282.6235351563, -102.11953
2294.8300781250, -102.69134
2307.0366210938, -101.32206
2319.2431640625, -101.27991
2331.4497070313, -101.63688
2343.6562500000, -100.64604
2355.8627929688, -100.10633
2368.0693359375, -100.59803
2380.2758789063, -100.92997
2392.4824218750, -101.83789
2404.6889648438, -101.39930
2416.8955078125, -101.36875
2429.1020507813, -100.88266
2441.3085937500, -101.57877
2453.5151367188, -101.44039
2465.7216796875, -102.02505
2477.9282226563, -102.19919
2490.1347656250, -103.39993
2502.3413085938, -102.91680
2514.5478515625, -102.64482
2526.7543945313, -99.56116
2538.9609375000, -97.02672
2551.1674804688, -100.34043
2563.3740234375, -100.49219
2575.5805664063, -100.29398
2587.7871093750, -100.77249
2599.9936523438, -100.56915
2612.2001953125, -100.56773
2624.4067382813, -100.98833
2636.6132812500, -100.76718
2648.8198242188, -98.88400
2661.0263671875, -100.91799
2673.2329101563, -102.11097
2685.4394531250, -101.63070
2697.6459960938, -102.39578
2709.8525390625, -103.21253
2722.0590820313, -102.44541
2734.2656250000, -102.57179
2746.4721679688, -102.26113
2758.6787109375, -101.81863
2770.8852539063, -101.92031
2783.0917968750, -101.92192
2795.2983398438, -101.67674
2807.5048828125, -102.18456
2819.7114257813, -101.34306
2831.9179687500, -101.12815
2844.1245117188, -100.81233
2856.3310546875, -100.65075
2868.5375976563, -101.31502
2880.7441406250, -101.14377
2892.9506835938, -101.71456
2905.1572265625, -101.30553
2917.3637695313, -100.85662
2929.5703125000, -101.44257
2941.7768554688, -100.40341
2953.9833984375, -100.64232
2966.1899414063, -101.51082
2978.3964843750, -100.93348
2990.6030273438, -102.47422
3002.8095703125, -102.29180
3015.0161132813, -102.14945
3027.2226562500, -101.68645
3039.4291992188, -101.05022
3051.6357421875, -101.64211
3063.8422851563, -101.81904
3076.0488281250, -101.34457
3088.2553710938, -100.33591
3100.4619140625, -101.48943
3112.6684570313, -101.88600
3124.8750000000, -100.93095
3137.0815429688, -100.86601
3149.2880859375, -100.77210
3161.4946289063, -101.95150
3173.7011718750, -101.19773
3185.9077148438, -100.66122
3198.1142578125, -101.21838
3210.3208007813, -101.97402
3222.5273437500, -101.62733
3234.7338867188, -102.05351
3246.9404296875, -100.81543
3259.1469726563, -101.37148
3271.3535156250, -101.74478
3283.5600585938, -100.47890
3295.7666015625, -101.86508
3307.9731445313, -102.17276
3320.1796875000, -102.00441
3332.3862304688, -101.16981
3344.5927734375, -101.30418
3356.7993164063, -101.45093
3369.0058593750, -102.12633
3381.2124023438, -101.83870
3393.4189453125, -101.58487
3405.6254882813, -102.20920
3417.8320312500, -101.98367
3430.0385742188, -101.91474
3442.2451171875, -100.21851
3454.4516601563, -100.98571
3466.6582031250, -102.42948
3478.8647460938, -101.57450
3491.0712890625, -102.06632
3503.2778320313, -103.13428
3515.4843750000, -102.43682
3527.6909179688, -102.32664
3539.8974609375, -102.46807
3552.1040039063, -101.49085
3564.3105468750, -101.36356
3576.5170898438, -102.64580
3588.7236328125, -101.44656
3600.9301757813, -101.87042
3613.1367187500, -102.30813
3625.3432617188, -102.30913
3637.5498046875, -101.64835
3649.7563476563, -101.16747
3661.9628906250, -102.31105
3674.1694335938, -102.52720
3686.3759765625, -101.37861
3698.5825195313, -101.46557
3710.7890625000, -102.03826
3722.9956054688, -102.00172
3735.2021484375, -102.34061
3747.4086914063, -100.69142
3759.6152343750, -101.28713
3771.8217773438, -101.40446
3784.0283203125, -102.05579
3796.2348632813, -100.70325
3808.4414062500, -98.21384
3820.6479492188, -100.49551
3832.8544921875, -101.63419
3845.0610351563, -101.96835
3857.2675781250, -101.62407
3869.4741210938, -102.61365
3881.6806640625, -102.19239
3893.8872070313, -101.67784
3906.0937500000, -102.20246
3918.3002929688, -102.35372
3930.5068359375, -103.35956
3942.7133789063, -103.05781
3954.9199218750, -101.14940
3967.1264648438, -101.38290
3979.3330078125, -102.17524
3991.5395507813, -102.60098
4003.7460937500, -102.07273
4015.9526367188, -102.65303
4028.1591796875, -102.29008
4040.3657226563, -102.31794
4052.5722656250, -102.08574
4064.7788085938, -102.88924
4076.9853515625, -103.14882
4089.1918945313, -102.23563
4101.3984375000, -102.19584
4113.6049804688, -101.52619
4125.8115234375, -101.85241
4138.0180664063, -102.10845
4150.2246093750, -101.28322
4162.4311523438, -102.15013
4174.6376953125, -101.92079
4186.8442382813, -100.89805
4199.0507812500, -101.84920
4211.2573242188, -102.24990
4223.4638671875, -102.79677
4235.6704101563, -101.29717
4247.8769531250, -100.67355
4260.0834960938, -101.68290
4272.2900390625, -101.23489
4284.4965820313, -101.88271
4296.7031250000, -102.01798
4308.9096679688, -101.42663
4321.1162109375, -102.22929
4333.3227539063, -101.54581
4345.5292968750, -101.81605
4357.7358398438, -102.15691
4369.9423828125, -101.79617
4382.1489257813, -102.11855
4394.3554687500, -101.50907
4406.5620117188, -101.36536
4418.7685546875, -101.72557
4430.9750976563, -102.65614
4443.1816406250, -102.51722
4455.3881835938, -102.49018
4467.5947265625, -102.68088
4479.8012695313, -102.01314
4492.0078125000, -103.09146
4504.2143554688, -102.27070
4516.4208984375, -101.97461
4528.6274414063, -101.98348
4540.8339843750, -102.02305
4553.0405273438, -101.44013
4565.2470703125, -101.41126
4577.4536132813, -101.52465
4589.6601562500, -101.44718
4601.8666992188, -101.68039
4614.0732421875, -101.64025
4626.2797851563, -101.73841
4638.4863281250, -102.00167
4650.6928710938, -102.62425
4662.8994140625, -101.44733
4675.1059570313, -102.04598
4687.3125000000, -102.45376
4699.5190429688, -101.92549
4711.7255859375, -103.21603
4723.9321289063, -102.95114
4736.1386718750, -102.25593
4748.3452148438, -102.18569
4760.5517578125, -102.29197
4772.7583007813, -102.21155
4784.9648437500, -102.07842
4797.1713867188, -102.40093
4809.3779296875, -102.07194
4821.5844726563, -102.77372
4833.7910156250, -101.82968
4845.9975585938, -102.15283
4858.2041015625, -102.02856
4870.4106445313, -102.33828
4882.6171875000, -103.16849
4894.8237304688, -102.30270
4907.0302734375, -102.09723
4919.2368164063, -101.69578
4931.4433593750, -101.39481
4943.6499023438, -102.61224
4955.8564453125, -103.62408
4968.0629882813, -102.57448
4980.2695312500, -102.20695
4992.4760742188, -102.14575
5004.6826171875, -101.26807
5016.8891601563, -101.65525
5029.0957031250, -102.69705
5041.3022460938, -102.84122
5053.5087890625, -101.99908
5065.7153320313, -99.61937
5077.9218750000, -97.39413
5090.1284179688, -100.83917
5102.3349609375, -102.68795
5114.5415039063, -103.34962
5126.7480468750, -102.32979
5138.9545898438, -102.61692
5151.1611328125, -102.81409
5163.3676757813, -103.39828
5175.5742187500, -102.90094
5187.7807617188, -102.93195
5199.9873046875, -102.38586
5212.1938476563, -102.31679
5224.4003906250, -102.29702
5236.6069335938, -102.67266
5248.8134765625, -101.64248
5261.0200195313, -102.63046
5273.2265625000, -103.25202
5285.4331054688, -102.89060
5297.6396484375, -102.47842
5309.8461914063, -102.21647
5322.0527343750, -101.27151
5334.2592773438, -101.69797
5346.4658203125, -102.13084
5358.6723632813, -102.92242
5370.8789062500, -102.75986
5383.0854492188, -102.83204
5395.2919921875, -102.32665
5407.4985351563, -102.68775
5419.7050781250, -102.21927
5431.9116210938, -101.56551
5444.1181640625, -102.18688
5456.3247070313, -102.00914
5468.5312500000, -102.14169
5480.7377929688, -102.53755
5492.9443359375, -101.92909
5505.1508789063, -103.25487
5517.3574218750, -102.82285
5529.5639648438, -101.78391
5541.7705078125, -102.40521
5553.9770507813, -101.25863
5566.1835937500, -102.42593
5578.3901367188, -102.63133
5590.5966796875, -102.43340
5602.8032226563, -102.89678
5615.0097656250, -102.11643
5627.2163085938, -101.54574
5639.4228515625, -101.75798
5651.6293945313, -102.56357
5663.8359375000, -101.83176
5676.0424804688, -101.71665
5688.2490234375, -102.33647
5700.4555664063, -101.27479
5712.6621093750, -102.28331
5724.8686523438, -102.17071
5737.0751953125, -102.16484
5749.2817382813, -102.49305
5761.4882812500, -102.49064
5773.6948242188, -102.69108
5785.9013671875, -102.58169
5798.1079101563, -102.70178
5810.3144531250, -102.48853
5822.5209960938, -102.29228
5834.7275390625, -101.80470
5846.9340820313, -101.36926
5859.1406250000, -101.78426
5871.3471679688, -102.36167
5883.5537109375, -102.10187
5895.7602539063, -102.19288
5907.9667968750, -102.44483
5920.1733398438, -101.66394
5932.3798828125, -102.12217
5944.5864257813, -102.78257
5956.7929687500, -103.57254
5968.9995117188, -103.02331
5981.2060546875, -102.84821
5993.4125976563, -102.76722
6005.6191406250, -101.95847
6017.8256835938, -102.17586
6030.0322265625, -102.61774
6042.2387695313, -101.80018
6054.4453125000, -102.24399
6066.6518554688, -102.78566
6078.8583984375, -102.31289
6091.0649414063, -102.27368
6103.2714843750, -103.39319
6115.4780273438, -102.62321
6127.6845703125, -102.21644
6139.8911132813, -102.80389
6152.0976562500, -102.05003
6164.3041992188, -102.08686
6176.5107421875, -101.69540
6188.7172851563, -101.94097
6200.9238281250, -102.64689
6213.1303710938, -101.47452
6225.3369140625, -101.73633
6237.5434570313, -102.11304
6249.7500000000, -101.97355
6261.9565429688, -103.13170
6274.1630859375, -102.39741
6286.3696289063, -102.33321
6298.5761718750, -103.19316
6310.7827148438, -102.84146
6322.9892578125, -102.38385
6335.1958007813, -100.64454
6347.4023437500, -98.44658
6359.6088867188, -101.64957
6371.8154296875, -102.43404
6384.0219726563, -101.96580
6396.2285156250, -102.72241
6408.4350585938, -102.38990
6420.6416015625, -102.56731
6432.8481445313, -101.86815
6445.0546875000, -101.92672
6457.2612304688, -102.44101
6469.4677734375, -102.65064
6481.6743164063, -102.08798
6493.8808593750, -101.96069
6506.0874023438, -102.62474
6518.2939453125, -101.47152
6530.5004882813, -102.28746
6542.7070312500, -101.52565
6554.9135742188, -101.15624
6567.1201171875, -102.33084
6579.3266601563, -103.19495
6591.5332031250, -101.24586
6603.7397460938, -102.36401
6615.9462890625, -102.90186
6628.1528320313, -103.03020
6640.3593750000, -102.29049
6652.5659179688, -102.41463
6664.7724609375, -103.74566
6676.9790039063, -103.00518
6689.1855468750, -102.43479
6701.3920898438, -102.13417
6713.5986328125, -102.24768
6725.8051757813, -102.80308
6738.0117187500, -102.55961
6750.2182617188, -102.32702
6762.4248046875, -102.63732
6774.6313476563, -101.73908
6786.8378906250, -101.40793
6799.0444335938, -102.84022
6811.2509765625, -101.70721
6823.4575195313, -101.16101
6835.6640625000, -100.87214
6847.8706054688, -101.58574
6860.0771484375, -102.08067
6872.2836914063, -101.88099
6884.4902343750, -102.70949
6896.6967773438, -103.56153
6908.9033203125, -102.51813
6921.1098632813, -101.89845
6933.3164062500, -102.68361
6945.5229492188, -102.27605
6957.7294921875, -102.05932
6969.9360351563, -101.93442
6982.1425781250, -101.64298
6994.3491210938, -102.05481
7006.5556640625, -101.64862
7018.7622070313, -101.02365
7030.9687500000, -102.05000
7043.1752929688, -101.88793
7055.3818359375, -103.24723
7067.5883789063, -101.83834
7079.7949218750, -102.91099
7092.0014648438, -103.23817
7104.2080078125, -103.51198
7116.4145507813, -101.97946
7128.6210937500, -101.79560
7140.8276367188, -102.08560
7153.0341796875, -103.06483
7165.2407226563, -102.84350
7177.4472656250, -101.79097
7189.6538085938, -102.52661
7201.8603515625, -102.02437
7214.0668945313, -102.45760
7226.2734375000, -103.14582
7238.4799804688, -103.09367
7250.6865234375, -102.43896
7262.8930664063, -101.88270
7275.0996093750, -101.40304
7287.3061523438, -101.61186
7299.5126953125, -101.83920
7311.7192382813, -102.53839
7323.9257812500, -103.39690
7336.1323242188, -103.01119
7348.3388671875, -103.18693
7360.5454101563, -103.10764
7372.7519531250, -102.20464
7384.9584960938, -102.40432
7397.1650390625, -102.98903
7409.3715820313, -102.22283
7421.5781250000, -102.66177
7433.7846679688, -102.35613
7445.9912109375, -103.51556
7458.1977539063, -103.18525
7470.4042968750, -102.91924
7482.6108398438, -103.11565
7494.8173828125, -103.26900
7507.0239257813, -102.47793
7519.2304687500, -103.10731
7531.4370117188, -102.92599
7543.6435546875, -102.35215
7555.8500976563, -102.41994
7568.0566406250, -103.12677
7580.2631835938, -102.00898
7592.4697265625, -102.16179
7604.6762695313, -98.85057
7616.8828125000, -98.69366
7629.0893554688, -101.71606
7641.2958984375, -101.70312
7653.5024414063, -101.91510
7665.7089843750, -101.78675
7677.9155273438, -101.84437
7690.1220703125, -102.61626
7702.3286132813, -102.35265
7714.5351562500, -102.92350
7726.7416992188, -102.33361
7738.9482421875, -102.78528
7751.1547851563, -103.45374
7763.3613281250, -103.20771
7775.5678710938, -102.48301
7787.7744140625, -102.48488
7799.9809570313, -102.40851
7812.1875000000, -102.08138
7824.3940429688, -102.45506
7836.6005859375, -101.89329
7848.8071289063, -102.34650
7861.0136718750, -102.00068
7873.2202148438, -101.80674
7885.4267578125, -102.40480
7897.6333007813, -102.21437
7909.8398437500, -101.87808
7922.0463867188, -101.72941
7934.2529296875, -102.22787
7946.4594726563, -103.06999
7958.6660156250, -102.45232
7970.8725585938, -102.31792
7983.0791015625, -101.26865
7995.2856445313, -102.11609
8007.4921875000, -102.43018
8019.6987304688, -102.65187
8031.9052734375, -103.34619
8044.1118164063, -103.30250
8056.3183593750, -101.97486
8068.5249023438, -102.62542
8080.7314453125, -102.93578
8092.9379882813, -101.81971
8105.1445312500, -101.86502
8117.3510742188, -101.87825
8129.5576171875, -102.33953
8141.7641601563, -102.14312
8153.9707031250, -101.78987
8166.1772460938, -102.10243
8178.3837890625, -102.84984
8190.5903320313, -102.21475
8202.7968750000, -102.29938
8215.0034179688, -102.40678
8227.2099609375, -101.53885
8239.4165039063, -102.80458
8251.6230468750, -103.07904
8263.8295898438, -102.46645
8276.0361328125, -101.91604
8288.2426757813, -101.13530
8300.4492187500, -102.31084
8312.6557617188, -103.48248
8324.8623046875, -102.90051
8337.0688476563, -102.02713
8349.2753906250, -101.81307
8361.4819335938, -101.22061
8373.6884765625, -102.17001
8385.8950195313, -102.65568
8398.1015625000, -103.03792
8410.3081054688, -102.14359
8422.5146484375, -103.02739
8434.7211914063, -102.17059
8446.9277343750, -102.61241
8459.1342773438, -102.47696
8471.3408203125, -102.05884
8483.5473632813, -102.35806
8495.7539062500, -102.66846
8507.9604492188, -102.46674
8520.1669921875, -102.45159
8532.3735351563, -102.69177
8544.5800781250, -101.20228
8556.7866210938, -101.36018
8568.9931640625, -102.95321
8581.1997070313, -102.28137
8593.4062500000, -102.35638
8605.6127929688, -102.34190
8617.8193359375, -102.22604
8630.0258789063, -102.29484
8642.2324218750, -101.83754
8654.4389648438, -101.96937
8666.6455078125, -102.23169
8678.8520507813, -102.23029
8691.0585937500, -101.75042
8703.2651367188, -102.21104
8715.4716796875, -102.51800
8727.6782226563, -103.24340
8739.8847656250, -101.86019
8752.0913085938, -101.72051
8764.2978515625, -101.74662
8776.5043945313, -102.86282
8788.7109375000, -103.05181
8800.9174804688, -103.16083
8813.1240234375, -103.42671
8825.3305664063, -103.12665
8837.5371093750, -101.60459
8849.7436523438, -102.01136
8861.9501953125, -101.74664
8874.1567382813, -99.76355
8886.3632812500, -99.30610
8898.5698242188, -101.98375
8910.7763671875, -102.12800
8922.9829101563, -103.07566
8935.1894531250, -103.11508
8947.3959960938, -102.08847
8959.6025390625, -102.29564
8971.8090820313, -102.17482
8984.0156250000, -101.97749
8996.2221679688, -103.03761
9008.4287109375, -103.40680
9020.6352539063, -103.41830
9032.8417968750, -102.30372
9045.0483398438, -101.88810
9057.2548828125, -102.16866
9069.4614257813, -100.94062
9081.6679687500, -102.28956
9093.8745117188, -101.98281
9106.0810546875, -101.65582
9118.2875976563, -101.73499
9130.4941406250, -102.85656
9142.7006835938, -102.78635
9154.9072265625, -102.55534
9167.1137695313, -102.35259
9179.3203125000, -101.57680
9191.5268554688, -102.13284
9203.7333984375, -102.70567
9215.9399414063, -102.77442
9228.1464843750, -102.55116
9240.3530273438, -103.52657
9252.5595703125, -102.90362
9264.7661132813, -103.51295
9276.9726562500, -103.34028
9289.1791992188, -103.13462
9301.3857421875, -102.39803
9313.5922851563, -102.19251
9325.7988281250, -102.50342
9338.0053710938, -102.14234
9350.2119140625, -101.74065
9362.4184570313, -101.73834
9374.6250000000, -102.32631
9386.8315429688, -102.23697
9399.0380859375, -102.25475
9411.2446289063, -102.23025
9423.4511718750, -103.11355
9435.6577148438, -102.21605
9447.8642578125, -101.77091
9460.0708007813, -102.49073
9472.2773437500, -103.30373
9484.4838867188, -103.85500
9496.6904296875, -103.50939
9508.8969726563, -102.25304
9521.1035156250, -102.41871
9533.3100585938, -102.78069
9545.5166015625, -103.42847
9557.7231445313, -103.06248
9569.9296875000, -102.05824
9582.1362304688, -102.41337
9594.3427734375, -102.41643
9606.5493164063, -102.84744
9618.7558593750, -103.20547
9630.9624023438, -101.63262
9643.1689453125, -102.19295
9655.3754882813, -101.58141
9667.5820312500, -101.00045
9679.7885742188, -102.20531
9691.9951171875, -102.64646
9704.2016601563, -101.39289
9716.4082031250, -101.86880
9728.6147460938, -102.00742
9740.8212890625, -102.11413
9753.0278320313, -102.66549
9765.2343750000, -102.77386
9777.4409179688, -103.58868
9789.6474609375, -103.86915
9801.8540039063, -102.27801
9814.0605468750, -102.25230
9826.2670898438, -102.17861
9838.4736328125, -102.58842
9850.6801757813, -102.79313
9862.8867187500, -102.73815
9875.0932617188, -102.64905
9887.2998046875, -102.53795
9899.5063476563, -102.94245
9911.7128906250, -102.10538
9923.9194335938, -101.55707
9936.1259765625, -102.04690
9948.3325195313, -102.19141
9960.5390625000, -102.09996
9972.7456054688, -102.18834
9984.9521484375, -102.65269
9997.1586914063, -102.08232
10009.3652343750, -101.16787
10021.5717773438, -102.03287
10033.7783203125, -102.94256
10045.9848632813, -102.51321
10058.1914062500, -103.32799
10070.3979492188, -102.05495
10082.6044921875, -102.18595
10094.8110351563, -101.58082
10107.0175781250, -102.32331
10119.2241210938, -103.57695
10131.4306640625, -103.69896
10143.6372070313, -99.92064
10155.8437500000, -99.44343
10168.0502929688, -101.84323
10180.2568359375, -102.88223
10192.4633789063, -102.78479
10204.6699218750, -103.37084
10216.8764648438, -103.52226
10229.0830078125, -102.64068
10241.2895507813, -102.07796
10253.4960937500, -101.48958
10265.7026367188, -102.09809
10277.9091796875, -101.49532
10290.1157226563, -102.36884
10302.3222656250, -102.96653
10314.5288085938, -103.01628
10326.7353515625, -101.79617
10338.9418945313, -103.46939
10351.1484375000, -102.12683
10363.3549804688, -102.29579
10375.5615234375, -103.05260
10387.7680664063, -102.01895
10399.9746093750, -101.82508
10412.1811523438, -102.45683
10424.3876953125, -103.10920
10436.5942382813, -103.07486
10448.8007812500, -102.91485
10461.0073242188, -102.53521
10473.2138671875, -101.85681
10485.4204101563, -101.59308
10497.6269531250, -102.34228
10509.8334960938, -102.76519
10522.0400390625, -103.48222
10534.2465820313, -102.74472
10546.4531250000, -102.19339
10558.6596679688, -103.39623
10570.8662109375, -103.15352
10583.0727539063, -103.40452
10595.2792968750, -102.68626
10607.4858398438, -103.07437
10619.6923828125, -102.80012
10631.8989257813, -102.42509
10644.1054687500, -102.39614
10656.3120117188, -102.80552
10668.5185546875, -101.91443
10680.7250976563, -102.96055
10692.9316406250, -102.21000
10705.1381835938, -102.61986
10717.3447265625, -102.70814
10729.5512695313, -102.31488
10741.7578125000, -102.54765
10753.9643554688, -103.20463
10766.1708984375, -102.85542
10778.3774414063, -103.03981
10790.5839843750, -102.24735
10802.7905273438, -102.49500
10814.9970703125, -102.46805
10827.2036132813, -103.15952
10839.4101562500, -102.47370
10851.6166992188, -102.36070
10863.8232421875, -102.27738
10876.0297851563, -101.47332
10888.2363281250, -102.26004
10900.4428710938, -103.25041
10912.6494140625, -102.59838
10924.8559570313, -102.86518
10937.0625000000, -101.98499
10949.2690429688, -101.98362
10961.4755859375, -102.90198
10973.6821289063, -103.18104
10985.8886718750, -102.04236
10998.0952148438, -101.87524
11010.3017578125, -102.81413
11022.5083007813, -101.72249
11034.7148437500, -102.45796
11046.9213867188, -102.86247
11059.1279296875, -102.91710
11071.3344726563, -102.01015
11083.5410156250, -103.25637
11095.7475585938, -102.51674
11107.9541015625, -102.17545
11120.1606445313, -101.87050
11132.3671875000, -103.34444
11144.5737304688, -103.05706
11156.7802734375, -102.62328
11168.9868164063, -102.91997
11181.1933593750, -102.00381
11193.3999023438, -102.56691
11205.6064453125, -103.31152
11217.8129882813, -103.55243
11230.0195312500, -102.12959
11242.2260742188, -102.56944
11254.4326171875, -102.39759
11266.6391601563, -102.53858
11278.8457031250, -102.67471
11291.0522460938, -102.93798
11303.2587890625, -102.45707
11315.4653320313, -102.70710
11327.6718750000, -102.40863
11339.8784179688, -102.51225
11352.0849609375, -102.41368
11364.2915039063, -102.29920
11376.4980468750, -103.57829
11388.7045898438, -102.79953
11400.9111328125, -102.29735
11413.1176757813, -99.49603
11425.3242187500, -99.08963
11437.5307617188, -101.71002
11449.7373046875, -102.43033
11461.9438476563, -102.59418
11474.1503906250, -102.47492
11486.3569335938, -102.65422
11498.5634765625, -102.11552
11510.7700195313, -102.73170
11522.9765625000, -103.45613
11535.1831054688, -101.76919
11547.3896484375, -103.45840
11559.5961914063, -103.53383
11571.8027343750, -102.17297
11584.0092773438, -102.11280
11596.2158203125, -103.92598
11608.4223632813, -102.29154
11620.6289062500, -102.60463
11632.8354492188, -102.91916
11645.0419921875, -103.56373
11657.2485351563, -103.32399
11669.4550781250, -103.02999
11681.6616210938, -102.33602
11693.8681640625, -102.71320
11706.0747070313, -102.96440
11718.2812500000, -102.62308
11730.4877929688, -102.42193
11742.6943359375, -102.49342
11754.9008789063, -101.96328
11767.1074218750, -102.46611
11779.3139648438, -101.97746
11791.5205078125, -102.36466
11803.7270507813, -102.65996
11815.9335937500, -102.58392
11828.1401367188, -102.30983
11840.3466796875, -101.38196
11852.5532226563, -101.69927
11864.7597656250, -103.17933
11876.9663085938, -102.56192
11889.1728515625, -102.89647
11901.3793945313, -103.10065
11913.5859375000, -102.13413
11925.7924804688, -102.56429
11937.9990234375, -102.23525
11950.2055664063, -102.32519
11962.4121093750, -101.50130
11974.6186523438, -102.81072
11986.8251953125, -103.15015
11999.0317382813, -102.97876
12011.2382812500, -102.43589
12023.4448242188, -102.99861
12035.6513671875, -103.36838
12047.8579101563, -101.66393
12060.0644531250, -101.84572
12072.2709960938, -101.68433
12084.4775390625, -102.06155
12096.6840820313, -103.17465
12108.8906250000, -102.98162
12121.0971679688, -102.73638
12133.3037109375, -103.10198
12145.5102539063, -103.76423
12157.7167968750, -102.80254
12169.9233398438, -103.55425
12182.1298828125, -102.65158
12194.3364257813, -102.99315
12206.5429687500, -102.33642
12218.7495117188, -102.54020
12230.9560546875, -102.55583
12243.1625976563, -103.01272
12255.3691406250, -102.45782
12267.5756835938, -102.74895
12279.7822265625, -102.52356
12291.9887695313, -103.02185
12304.1953125000, -101.96816
12316.4018554688, -101.85432
12328.6083984375, -101.49756
12340.8149414063, -101.21775
12353.0214843750, -102.02124
12365.2280273438, -103.41490
12377.4345703125, -103.72082
12389.6411132813, -102.60149
12401.8476562500, -102.63441
12414.0541992188, -101.99948
12426.2607421875, -101.99652
12438.4672851563, -102.07205
12450.6738281250, -102.05172
12462.8803710938, -102.76514
12475.0869140625, -102.86228
12487.2934570313, -103.08144
12499.5000000000, -102.70533
12511.7065429688, -101.13031
12523.9130859375, -102.11224
12536.1196289063, -102.03365
12548.3261718750, -102.60680
12560.5327148438, -102.36832
12572.7392578125, -103.07521
12584.9458007813, -101.46473
12597.1523437500, -102.56455
12609.3588867188, -102.65886
12621.5654296875, -103.31291
12633.7719726563, -104.07811
12645.9785156250, -102.78273
12658.1850585938, -102.36753
12670.3916015625, -102.35001
12682.5981445313, -98.68882
12694.8046875000, -99.90485
12707.0112304688, -102.80581
12719.2177734375, -102.62670
12731.4243164063, -102.45987
12743.6308593750, -102.26819
12755.8374023438, -102.91182
12768.0439453125, -103.15196
12780.2504882813, -102.26185
12792.4570312500, -102.47405
12804.6635742188, -102.04497
12816.8701171875, -102.38963
12829.0766601563, -101.96849
12841.2832031250, -103.15174
12853.4897460938, -102.81326
12865.6962890625, -102.72996
12877.9028320313, -102.10151
12890.1093750000, -102.10652
12902.3159179688, -102.76087
12914.5224609375, -101.88139
12926.7290039063, -102.65669
12938.9355468750, -101.80353
12951.1420898438, -102.45357
12963.3486328125, -103.02134
12975.5551757813, -103.75445
12987.7617187500, -102.28631
12999.9682617188, -102.79791
13012.1748046875, -103.47923
13024.3813476563, -102.31872
13036.5878906250, -102.17707
13048.7944335938, -101.87660
13061.0009765625, -102.19403
13073.2075195313, -102.89308
13085.4140625000, -101.87239
13097.6206054688, -101.80355
13109.8271484375, -102.38114
13122.0336914063, -102.31537
13134.2402343750, -102.56913
13146.4467773438, -102.40578
13158.6533203125, -102.17141
13170.8598632813, -102.19016
13183.0664062500, -102.73274
13195.2729492188, -102.01336
13207.4794921875, -101.97292
13219.6860351563, -102.33385
13231.8925781250, -103.12857
13244.0991210938, -103.18390
13256.3056640625, -102.18142
13268.5122070313, -103.20668
13280.7187500000, -103.18578
13292.9252929688, -102.95516
13305.1318359375, -101.78329
13317.3383789063, -101.84333
13329.5449218750, -102.44383
13341.7514648438, -102.05634
13353.9580078125, -102.42794
13366.1645507813, -101.78369
13378.3710937500, -103.37748
13390.5776367188, -102.48708
13402.7841796875, -102.38797
13414.9907226563, -103.96896
13427.1972656250, -101.56081
13439.4038085938, -101.74004
13451.6103515625, -102.46375
13463.8168945313, -102.59703
13476.0234375000, -101.39106
13488.2299804688, -101.33535
13500.4365234375, -101.88933
13512.6430664063, -103.17722
13524.8496093750, -102.38369
13537.0561523438, -102.98564
13549.2626953125, -102.25661
13561.4692382813, -102.89929
13573.6757812500, -102.55634
13585.8823242188, -102.68368
13598.0888671875, -102.77415
13610.2954101563, -102.59521
13622.5019531250, -102.84001
13634.7084960938, -101.53864
13646.9150390625, -101.66493
13659.1215820313, -102.51224
13671.3281250000, -102.28376
13683.5346679688, -102.65595
13695.7412109375, -101.88287
13707.9477539063, -102.54899
13720.1542968750, -102.47208
13732.3608398438, -103.62942
13744.5673828125, -103.40161
13756.7739257813, -103.07978
13768.9804687500, -101.72654
13781.1870117188, -101.90010
13793.3935546875, -103.26165
13805.6000976563, -102.47870
13817.8066406250, -102.75917
13830.0131835938, -101.97526
13842.2197265625, -102.00250
13854.4262695313, -101.80035
13866.6328125000, -102.39555
13878.8393554688, -102.20152
13891.0458984375, -102.82442
13903.2524414063, -102.79198
13915.4589843750, -102.23555
13927.6655273438, -102.14873
13939.8720703125, -101.10845
13952.0786132813, -98.61857
13964.2851562500, -99.77893
13976.4916992188, -102.21362
13988.6982421875, -102.28878
14000.9047851563, -102.64400
14013.1113281250, -102.41969
14025.3178710938, -101.99771
14037.5244140625, -101.49929
14049.7309570313, -101.75081
14061.9375000000, -102.19805
14074.1440429688, -102.14510
14086.3505859375, -102.28784
14098.5571289063, -102.46754
14110.7636718750, -102.38250
14122.9702148438, -102.40682
14135.1767578125, -102.49248
14147.3833007813, -102.08817
14159.5898437500, -101.83396
14171.7963867188, -101.74212
14184.0029296875, -102.58979
14196.2094726563, -101.95276
14208.4160156250, -102.47736
14220.6225585938, -102.46835
14232.8291015625, -102.27009
14245.0356445313, -101.87128
14257.2421875000, -101.38163
14269.4487304688, -100.30254
14281.6552734375, -87.27710
14293.8618164063, -74.28202
14306.0683593750, -74.76655
14318.2749023438, -89.42803
14330.4814453125, -101.69670
14342.6879882813, -102.79346
14354.8945312500, -102.50954
14367.1010742188, -101.57150
14379.3076171875, -102.30698
14391.5141601563, -102.03288
14403.7207031250, -102.08313
14415.9272460938, -101.92589
14428.1337890625, -101.69622
14440.3403320313, -102.66859
14452.5468750000, -102.76449
14464.7534179688, -103.29507
14476.9599609375, -102.62946
14489.1665039063, -102.39951
14501.3730468750, -102.36967
14513.5795898438, -102.71243
14525.7861328125, -101.97224
14537.9926757813, -101.19733
14550.1992187500, -101.67390
14562.4057617188, -102.12788
14574.6123046875, -102.61762
14586.8188476563, -101.97985
14599.0253906250, -101.93845
14611.2319335938, -102.38758
14623.4384765625, -101.23456
14635.6450195313, -101.68352
14647.8515625000, -102.15578
14660.0581054688, -101.51346
14672.2646484375, -102.56391
14684.4711914063, -101.07181
14696.6777343750, -101.76220
14708.8842773438, -101.50879
14721.0908203125, -101.18128
14733.2973632813, -101.29916
14745.5039062500, -101.31238
14757.7104492188, -100.54160
14769.9169921875, -102.34047
14782.1235351563, -101.85885
14794.3300781250, -100.93045
14806.5366210938, -101.67335
14818.7431640625, -101.43100
14830.9497070313, -102.32021
14843.1562500000, -102.25663
14855.3627929688, -102.05200
14867.5693359375, -101.27716
14879.7758789063, -102.08767
14891.9824218750, -101.74963
14904.1889648438, -101.40480
14916.3955078125, -100.87623
14928.6020507813, -100.87262
14940.8085937500, -101.08772
14953.0151367188, -101.64633
14965.2216796875, -101.54103
14977.4282226563, -101.51705
14989.6347656250, -101.60918
15001.8413085938, -101.38058
15014.0478515625, -101.85672
15026.2543945313, -101.61685
15038.4609375000, -100.37200
15050.6674804688, -100.47093
15062.8740234375, -101.38890
15075.0805664063, -101.74244
15087.2871093750, -101.61488
15099.4936523438, -101.41249
15111.7001953125, -101.62805
15123.9067382813, -101.80007
15136.1132812500, -100.10867
15148.3198242188, -99.01339
15160.5263671875, -101.44429
15172.7329101563, -100.89708
15184.9394531250, -100.46253
15197.1459960938, -100.92423
15209.3525390625, -99.90492
15221.5590820313, -95.06353
15233.7656250000, -97.26717
15245.9721679688, -100.51619
15258.1787109375, -100.75488
15270.3852539063, -100.40128
15282.5917968750, -100.38217
15294.7983398438, -100.15893
15307.0048828125, -101.67530
15319.2114257813, -101.77744
15331.4179687500, -100.95199
15343.6245117188, -101.52882
15355.8310546875, -101.01031
15368.0375976563, -100.10898
15380.2441406250, -99.74729
15392.4506835938, -99.50529
15404.6572265625, -101.25216
15416.8637695313, -101.79352
15429.0703125000, -100.65714
15441.2768554688, -100.54373
15453.4833984375, -100.94347
15465.6899414063, -100.63085
15477.8964843750, -99.69550
15490.1030273438, -100.41589
15502.3095703125, -100.63982
15514.5161132813, -100.53230
15526.7226562500, -99.82877
15538.9291992188, -99.88436
15551.1357421875, -99.68469
15563.3422851563, -99.69373
15575.5488281250, -100.03601
15587.7553710938, -99.98834
15599.9619140625, -99.51507
15612.1684570313, -100.18860
15624.3750000000, -98.57190
15636.5815429688, -98.28123
15648.7880859375, -99.13246
15660.9946289063, -100.30554
15673.2011718750, -100.29330
15685.4077148438, -99.66682
15697.6142578125, -98.36480
15709.8208007813, -98.38890
15722.0273437500, -99.00982
15734.2338867188, -98.32000
15746.4404296875, -97.38091
15758.6469726563, -97.74787
15770.8535156250, -98.22526
15783.0600585938, -98.42466
15795.2666015625, -97.79710
15807.4731445313, -98.02676
15819.6796875000, -97.71047
15831.8862304688, -97.20225
15844.0927734375, -97.61903
15856.2993164063, -97.54548
15868.5058593750, -96.07845
15880.7124023438, -95.62163
15892.9189453125, -95.60129
15905.1254882813, -95.29327
15917.3320312500, -95.22099
15929.5385742188, -94.99650
15941.7451171875, -94.54676
15953.9516601563, -94.91732
15966.1582031250, -94.58984
15978.3647460938, -95.11613
15990.5712890625, -95.79854
16002.7778320313, -93.84336
16014.9843750000, -93.85872
16027.1909179688, -93.41080
16039.3974609375, -92.44223
16051.6040039063, -92.95677
16063.8105468750, -92.79646
16076.0170898438, -92.58468
16088.2236328125, -92.71870
16100.4301757813, -93.33418
16112.6367187500, -92.79222
16124.8432617188, -91.53808
16137.0498046875, -92.42111
16149.2563476563, -91.63549
16161.4628906250, -91.90355
16173.6694335938, -90.59202
16185.8759765625, -90.74191
16198.0825195313, -92.01189
16210.2890625000, -91.43021
16222.4956054688, -90.74558
16234.7021484375, -90.64301
16246.9086914063, -89.78492
16259.1152343750, -90.48294
16271.3217773438, -90.68019
16283.5283203125, -90.03456
16295.7348632813, -89.82386
16307.9414062500, -89.94906
16320.1479492188, -90.04694
16332.3544921875, -90.88130
16344.5610351563, -90.55611
16356.7675781250, -90.67933
16368.9741210938, -90.10988
16381.1806640625, -88.86579
16393.3872070313, -89.60707
16405.5937500000, -89.79181
16417.8002929688, -89.76486
16430.0068359375, -89.23123
16442.2133789063, -88.70374
16454.4199218750, -88.09934
16466.6264648438, -89.13812
16478.8330078125, -86.91550
16491.0395507813, -83.14826
16503.2460937500, -85.19674
16515.4526367188, -88.12346
16527.6591796875, -88.71441
16539.8657226563, -89.23891
16552.0722656250, -89.53046
16564.2788085938, -90.05908
16576.4853515625, -88.51717
16588.6918945313, -87.96224
16600.8984375000, -88.38604
16613.1049804688, -88.43802
16625.3115234375, -88.16845
16637.5180664063, -88.53849
16649.7246093750, -88.30789
16661.9311523438, -89.82451
16674.1376953125, -89.12204
16686.3442382813, -88.85176
16698.5507812500, -88.31061
16710.7573242188, -88.69212
16722.9638671875, -88.24173
16735.1704101563, -87.58234
16747.3769531250, -88.28541
16759.5834960938, -89.37726
16771.7900390625, -89.11032
16783.9965820313, -88.60872
16796.2031250000, -89.34633
16808.4096679688, -89.27072
16820.6162109375, -89.69135
16832.8227539063, -90.27113
16845.0292968750, -88.99044
16857.2358398438, -89.92755
16869.4423828125, -90.06422
16881.6489257813, -90.65394
16893.8554687500, -91.13998
16906.0620117188, -90.42172
16918.2685546875, -90.76966
16930.4750976563, -91.21228
16942.6816406250, -89.88495
16954.8881835938, -91.06312
16967.0947265625, -91.52595
16979.3012695313, -92.69174
16991.5078125000, -92.75058
17003.7143554688, -93.21428
17015.9208984375, -93.84660
17028.1274414063, -94.09519
17040.3339843750, -92.27677
17052.5405273438, -93.76515
17064.7470703125, -94.35241
17076.9536132813, -95.04616
17089.1601562500, -94.88674
17101.3666992188, -95.20515
17113.5732421875, -96.44743
17125.7797851563, -96.23096
17137.9863281250, -94.83957
17150.1928710938, -95.38232
17162.3994140625, -97.33403
17174.6059570313, -96.16302
17186.8125000000, -95.92652
17199.0190429688, -96.37146
17211.2255859375, -97.21524
17223.4321289063, -97.30168
17235.6386718750, -96.59515
17247.8452148438, -96.23662
17260.0517578125, -95.97805
17272.2583007813, -96.60113
17284.4648437500, -96.52444
17296.6713867188, -97.30819
17308.8779296875, -98.09552
17321.0844726563, -99.27490
17333.2910156250, -98.47268
17345.4975585938, -96.85233
17357.7041015625, -98.04882
17369.9106445313, -98.99610
17382.1171875000, -99.01741
17394.3237304688, -98.03278
17406.5302734375, -98.60367
17418.7368164063, -100.33107
17430.9433593750, -99.03571
17443.1499023438, -97.64650
17455.3564453125, -98.59679
17467.5629882813, -98.47067
17479.7695312500, -98.79606
17491.9760742188, -99.11403
17504.1826171875, -100.25619
17516.3891601563, -100.04942
17528.5957031250, -100.24601
17540.8022460938, -98.49620
17553.0087890625, -98.37427
17565.2153320313, -99.71849
17577.4218750000, -100.19469
17589.6284179688, -99.55476
17601.8349609375, -100.56853
17614.0415039063, -100.31129
17626.2480468750, -99.34626
17638.4545898438, -100.17988
17650.6611328125, -100.17057
17662.8676757813, -100.56374
17675.0742187500, -100.82433
17687.2807617188, -100.18705
17699.4873046875, -100.40903
17711.6938476563, -101.99786
17723.9003906250, -100.28998
17736.1069335938, -99.10099
17748.3134765625, -98.64767
17760.5200195313, -97.88041
17772.7265625000, -99.30046
17784.9331054688, -100.98358
17797.1396484375, -101.13331
17809.3461914063, -101.64383
17821.5527343750, -101.34196
17833.7592773438, -100.50408
17845.9658203125, -100.15925
17858.1723632813, -100.95394
17870.3789062500, -101.21220
17882.5854492188, -101.36909
17894.7919921875, -101.14501
17906.9985351563, -101.06126
17919.2050781250, -100.64468
17931.4116210938, -99.85501
17943.6181640625, -100.50080
17955.8247070313, -99.93073
17968.0312500000, -101.45633
17980.2377929688, -101.40187
17992.4443359375, -100.98445
18004.6508789063, -100.82731
18016.8574218750, -100.42102
18029.0639648438, -97.92720
18041.2705078125, -97.58861
18053.4770507813, -100.76742
18065.6835937500, -101.50497
18077.8901367188, -101.86464
18090.0966796875, -100.88188
18102.3032226563, -102.06336
18114.5097656250, -101.17490
18126.7163085938, -101.34760
18138.9228515625, -100.00061
18151.1293945313, -101.18308
18163.3359375000, -101.10364
18175.5424804688, -100.97767
18187.7490234375, -101.25156
18199.9555664063, -101.43783
18212.1621093750, -101.61097
18224.3686523438, -102.75388
18236.5751953125, -101.25372
18248.7817382813, -101.32019
18260.9882812500, -101.01354
18273.1948242188, -101.63508
18285.4013671875, -102.19375
18297.6079101563, -101.90764
18309.8144531250, -102.62439
18322.0209960938, -102.68350
18334.2275390625, -102.13324
18346.4340820313, -101.45691
18358.6406250000, -100.66745
18370.8471679688, -101.27052
18383.0537109375, -101.69749
18395.2602539063, -101.46880
18407.4667968750, -99.86420
18419.6733398438, -99.61160
18431.8798828125, -101.56859
18444.0864257813, -102.64827
18456.2929687500, -101.75317
18468.4995117188, -101.56501
18480.7060546875, -101.73161
18492.9125976563, -101.88221
18505.1191406250, -101.50702
18517.3256835938, -101.88768
18529.5322265625, -101.43731
18541.7387695313, -102.16330
18553.9453125000, -102.53381
18566.1518554688, -102.94816
18578.3583984375, -102.43300
18590.5649414063, -102.09503
18602.7714843750, -102.08409
18614.9780273438, -101.91547
18627.1845703125, -102.60919
18639.3911132813, -102.02957
18651.5976562500, -101.23507
18663.8041992188, -101.59185
18676.0107421875, -101.67998
18688.2172851563, -101.89449
18700.4238281250, -102.90162
18712.6303710938, -101.95120
18724.8369140625, -101.64384
18737.0434570313, -101.81282
18749.2500000000, -102.93690
18761.4565429688, -102.89990
18773.6630859375, -102.56727
18785.8696289063, -102.32096
18798.0761718750, -102.18115
18810.2827148438, -102.01635
18822.4892578125, -101.54078
18834.6958007813, -102.39505
18846.9023437500, -102.08787
18859.1088867188, -101.74762
18871.3154296875, -102.20419
18883.5219726563, -100.99270
18895.7285156250, -101.73485
18907.9350585938, -101.37298
18920.1416015625, -102.15924
18932.3481445313, -102.15726
18944.5546875000, -101.74105
18956.7612304688, -102.00355
18968.9677734375, -102.51107
18981.1743164063, -102.52284
18993.3808593750, -101.72817
19005.5874023438, -102.79700
19017.7939453125, -103.18970
19030.0004882813, -102.37864
19042.2070312500, -102.35402
19054.4135742188, -102.30430
19066.6201171875, -102.00535
19078.8266601563, -102.82681
19091.0332031250, -103.01454
19103.2397460938, -102.44723
19115.4462890625, -102.60654
19127.6528320313, -103.03568
19139.8593750000, -103.61924
19152.0659179688, -101.67996
19164.2724609375, -102.10830
19176.4790039063, -102.30754
19188.6855468750, -102.47708
19200.8920898438, -101.06116
19213.0986328125, -102.17635
19225.3051757813, -102.06509
19237.5117187500, -102.49803
19249.7182617188, -102.75834
19261.9248046875, -102.98485
19274.1313476563, -102.71935
19286.3378906250, -102.67285
19298.5444335938, -102.08031
19310.7509765625, -101.62551
19322.9575195313, -101.91207
19335.1640625000, -102.51704
19347.3706054688, -102.87099
19359.5771484375, -102.56781
19371.7836914063, -101.85135
19383.9902343750, -101.94523
19396.1967773438, -102.34591
19408.4033203125, -102.82872
19420.6098632813, -101.62658
19432.8164062500, -102.37230
19445.0229492188, -102.89684
19457.2294921875, -102.29699
19469.4360351563, -103.62964
19481.6425781250, -104.38292
19493.8491210938, -103.89860
19506.0556640625, -102.67506
19518.2622070313, -102.33283
19530.4687500000, -103.73511
19542.6752929688, -102.97220
19554.8818359375, -101.98381
19567.0883789063, -102.56934
19579.2949218750, -102.99488
19591.5014648438, -102.06204
19603.7080078125, -102.78170
19615.9145507813, -103.45301
19628.1210937500, -102.48897
19640.3276367188, -102.77231
19652.5341796875, -103.09343
19664.7407226563, -103.20824
19676.9472656250, -103.85180
19689.1538085938, -103.10184
19701.3603515625, -102.60448
19713.5668945313, -101.89710
19725.7734375000, -102.22776
19737.9799804688, -102.75498
19750.1865234375, -103.10476
19762.3930664063, -102.52163
19774.5996093750, -102.47672
19786.8061523438, -102.74924
19799.0126953125, -103.07500
19811.2192382813, -103.59257
19823.4257812500, -103.38780
19835.6323242188, -102.86718
19847.8388671875, -103.14737
19860.0454101563, -102.04862
19872.2519531250, -103.64446
19884.4584960938, -102.84527
19896.6650390625, -102.60447
19908.8715820313, -103.22282
19921.0781250000, -102.94066
19933.2846679688, -102.65931
19945.4912109375, -102.56708
19957.6977539063, -102.81045
19969.9042968750, -103.14539
19982.1108398438, -103.15522
19994.3173828125, -103.71347
20006.5239257813, -103.70825
20018.7304687500, -103.69621
20030.9370117188, -103.32690
20043.1435546875, -102.77983
20055.3500976563, -103.29355
20067.5566406250, -103.27626
20079.7631835938, -102.58714
20091.9697265625, -102.21632
20104.1762695313, -103.47594
20116.3828125000, -103.47149
20128.5893554688, -101.79130
20140.7958984375, -101.44719
20153.0024414063, -103.07134
20165.2089843750, -102.47645
20177.4155273438, -102.13678
20189.6220703125, -103.41388
20201.8286132813, -103.37151
20214.0351562500, -103.81319
20226.2416992188, -103.64162
20238.4482421875, -102.63482
20250.6547851563, -103.16744
20262.8613281250, -102.92146
20275.0678710938, -103.49632
20287.2744140625, -102.91225
20299.4809570313, -102.56586
20311.6875000000, -102.40973
20323.8940429688, -102.06912
20336.1005859375, -102.70152
20348.3071289063, -102.04835
20360.5136718750, -102.97407
20372.7202148438, -103.48732
20384.9267578125, -102.97332
20397.1333007813, -102.90265
20409.3398437500, -102.51144
20421.5463867188, -102.84863
20433.7529296875, -103.17834
20445.9594726563, -102.99431
20458.1660156250, -103.08056
20470.3725585938, -103.07594
20482.5791015625, -103.68830
20494.7856445313, -102.70470
20506.9921875000, -102.69389
20519.1987304688, -102.29326
20531.4052734375, -102.18060
20543.6118164063, -103.82548
20555.8183593750, -104.63821
20568.0249023438, -103.11101
20580.2314453125, -102.97298
20592.4379882813, -104.93020
20604.6445312500, -103.81953
20616.8510742188, -103.27071
20629.0576171875, -103.37377
20641.2641601563, -102.84014
20653.4707031250, -103.53943
20665.6772460938, -103.32789
20677.8837890625, -102.12866
20690.0903320313, -103.09227
20702.2968750000, -102.03744
20714.5034179688, -102.12381
20726.7099609375, -103.23485
20738.9165039063, -102.30791
20751.1230468750, -103.26384
20763.3295898438, -103.27092
20775.5361328125, -102.79495
20787.7426757813, -103.25449
20799.9492187500, -103.09486
20812.1557617188, -103.01506
20824.3623046875, -103.80251
20836.5688476563, -103.30367
20848.7753906250, -102.69036
20860.9819335938, -102.73725
20873.1884765625, -101.72738
20885.3950195313, -102.63414
20897.6015625000, -102.38332
20909.8081054688, -102.18325
20922.0146484375, -102.33609
20934.2211914063, -102.29181
20946.4277343750, -102.43026
20958.6342773438, -103.28440
20970.8408203125, -103.80264
20983.0473632813, -104.31632
20995.2539062500, -103.58360
21007.4604492188, -103.80474
21019.6669921875, -102.86167
21031.8735351563, -102.13089
21044.0800781250, -102.58848
21056.2866210938, -103.48290
21068.4931640625, -103.03753
21080.6997070313, -102.73265
21092.9062500000, -102.87209
21105.1127929688, -102.26509
21117.3193359375, -103.23078
21129.5258789063, -102.58621
21141.7324218750, -102.47599
21153.9389648438, -102.49665
21166.1455078125, -103.72657
21178.3520507813, -103.25136
21190.5585937500, -102.44968
21202.7651367188, -103.89946
21214.9716796875, -103.35867
21227.1782226563, -104.21595
21239.3847656250, -103.18725
21251.5913085938, -102.81453
21263.7978515625, -102.04116
21276.0043945313, -102.96400
21288.2109375000, -103.63160
21300.4174804688, -103.73158
21312.6240234375, -103.50002
21324.8305664063, -103.16091
21337.0371093750, -103.38925
21349.2436523438, -102.84154
21361.4501953125, -102.47743
21373.6567382813, -102.35048
21385.8632812500, -102.09348
21398.0698242188, -102.34879
21410.2763671875, -102.83599
21422.4829101563, -103.26893
21434.6894531250, -102.53710
21446.8959960938, -103.33458
21459.1025390625, -103.48361
21471.3090820313, -102.99740
21483.5156250000, -103.01945
21495.7221679688, -103.73929
21507.9287109375, -103.51619
21520.1352539063, -103.07176
21532.3417968750, -103.22095
21544.5483398438, -102.76888
21556.7548828125, -103.90057
21568.9614257813, -103.18267
21581.1679687500, -103.27289
21593.3745117188, -103.11881
21605.5810546875, -102.76803
21617.7875976563, -103.55840
21629.9941406250, -104.24935
21642.2006835938, -103.41190
21654.4072265625, -102.72189
21666.6137695313, -102.15466
21678.8203125000, -102.53805
21691.0268554688, -103.86690
21703.2333984375, -103.91293
21715.4399414063, -104.18412
21727.6464843750, -103.98047
21739.8530273438, -103.20439
21752.0595703125, -102.18368
21764.2661132813, -102.48592
21776.4726562500, -102.53412
21788.6791992188, -102.88301
21800.8857421875, -103.33926
21813.0922851563, -103.52860
21825.2988281250, -103.60426
21837.5053710938, -102.16118
21849.7119140625, -102.76298
21861.9184570313, -102.82142
21874.1250000000, -102.14155
21886.3315429688, -103.75172
21898.5380859375, -103.78725
21910.7446289063, -103.16484
21922.9511718750, -103.46030
21935.1577148438, -102.29803
21947.3642578125, -102.52391
21959.5708007813, -102.22886
21971.7773437500, -102.14991
21983.9838867188, -102.54630
21996.1904296875, -103.53988
22008.3969726563, -103.11587
22020.6035156250, -102.38343
22032.8100585938, -103.41967
22045.0166015625, -102.08470
22057.2231445313, -101.59269
22069.4296875000, -102.29875
22081.6362304688, -102.27879
22093.8427734375, -103.34471
22106.0493164063, -102.41951
22118.2558593750, -102.63571
22130.4624023438, -103.65487
22142.6689453125, -102.98628
22154.8754882813, -103.46602
22167.0820312500, -103.83440
22179.2885742188, -103.61142
22191.4951171875, -103.63572
22203.7016601563, -103.58225
22215.9082031250, -102.93744
22228.1147460938, -103.37988
22240.3212890625, -103.87534
22252.5278320313, -104.71526
22264.7343750000, -103.20645
22276.9409179688, -103.43710
22289.1474609375, -102.62322
22301.3540039063, -101.83253
22313.5605468750, -102.84441
22325.7670898438, -102.35679
22337.9736328125, -102.08439
22350.1801757813, -102.43074
22362.3867187500, -102.10048
22374.5932617188, -103.14034
22386.7998046875, -102.44943
22399.0063476563, -102.61463
22411.2128906250, -102.17937
22423.4194335938, -102.42419
22435.6259765625, -103.28269
22447.8325195313, -102.93066
22460.0390625000, -103.31899
22472.2456054688, -103.54778
22484.4521484375, -102.77309
22496.6586914063, -102.25489
22508.8652343750, -103.19254
22521.0717773438, -103.10297
22533.2783203125, -103.29371
22545.4848632813, -103.78877
22557.6914062500, -103.40470
22569.8979492188, -103.78587
22582.1044921875, -103.21271
22594.3110351563, -103.00242
22606.5175781250, -103.21380
22618.7241210938, -103.09969
22630.9306640625, -102.92588
22643.1372070313, -103.28948
22655.3437500000, -102.91879
22667.5502929688, -103.54118
22679.7568359375, -103.32258
22691.9633789063, -103.68964
22704.1699218750, -103.80153
22716.3764648438, -103.20837
22728.5830078125, -103.44571
22740.7895507813, -104.41730
22752.9960937500, -103.50972
22765.2026367188, -102.41042
22777.4091796875, -102.40165
22789.6157226563, -102.65964
22801.8222656250, -103.12501
22814.0288085938, -102.62241
22826.2353515625, -103.55136
22838.4418945313, -103.70416
22850.6484375000, -103.02501
22862.8549804688, -102.74717
22875.0615234375, -102.76135
22887.2680664063, -103.21007
22899.4746093750, -102.87710
22911.6811523438, -103.28980
22923.8876953125, -102.81815
22936.0942382813, -102.96807
22948.3007812500, -103.50908
22960.5073242188, -103.50435
22972.7138671875, -102.70842
22984.9204101563, -102.83044
22997.1269531250, -102.78327
23009.3334960938, -102.14913
23021.5400390625, -103.10909
23033.7465820313, -103.42721
23045.9531250000, -103.44214
23058.1596679688, -103.30616
23070.3662109375, -103.02829
23082.5727539063, -103.20990
23094.7792968750, -102.98194
23106.9858398438, -103.68263
23119.1923828125, -103.39695
23131.3989257813, -102.60689
23143.6054687500, -102.76985
23155.8120117188, -102.54464
23168.0185546875, -103.19196
23180.2250976563, -102.27790
23192.4316406250, -103.42376
23204.6381835938, -103.23426
23216.8447265625, -102.82056
23229.0512695313, -103.65909
23241.2578125000, -102.86569
23253.4643554688, -102.60357
23265.6708984375, -103.36600
23277.8774414063, -103.48280
23290.0839843750, -103.54345
23302.2905273438, -102.00711
23314.4970703125, -101.89341
23326.7036132813, -102.91557
23338.9101562500, -103.72785
23351.1166992188, -103.61716
23363.3232421875, -103.65352
23375.5297851563, -103.33273
23387.7363281250, -103.31696
23399.9428710938, -103.29561
23412.1494140625, -103.11714
23424.3559570313, -102.81272
23436.5625000000, -103.14697
23448.7690429688, -103.28941
23460.9755859375, -103.71393
23473.1821289063, -104.15085
23485.3886718750, -103.78347
23497.5952148438, -103.37276
23509.8017578125, -102.58661
23522.0083007813, -102.45286
23534.2148437500, -103.52667
23546.4213867188, -104.27107
23558.6279296875, -103.25706
23570.8344726563, -103.60187
23583.0410156250, -103.61122
23595.2475585938, -103.85962
23607.4541015625, -104.12571
23619.6606445313, -103.30577
23631.8671875000, -102.96952
23644.0737304688, -103.63151
23656.2802734375, -102.79942
23668.4868164063, -102.07842
23680.6933593750, -102.96400
23692.8999023438, -102.40161
23705.1064453125, -101.72831
23717.3129882813, -102.57882
23729.5195312500, -102.87993
23741.7260742188, -102.73473
23753.9326171875, -103.75695
23766.1391601563, -104.51614
23778.3457031250, -102.33248
23790.5522460938, -102.08786
23802.7587890625, -103.22366
23814.9653320313, -103.21678
23827.1718750000, -103.73806
23839.3784179688, -104.21550
23851.5849609375, -104.06756
23863.7915039063, -102.77019
23875.9980468750, -102.73032
23888.2045898438, -103.43364
23900.4111328125, -103.88854
23912.6176757813, -103.46402
23924.8242187500, -101.63904
23937.0307617188, -102.87266
23949.2373046875, -102.77711
23961.4438476563, -102.47136
23973.6503906250, -103.11481
23985.8569335938, -102.91243
23998.0634765625, -103.26570
24010.2700195313, -102.86639
24022.4765625000, -104.11068
24034.6831054688, -103.57649
24046.8896484375, -101.95400
24059.0961914063, -102.45697
24071.3027343750, -102.62444
24083.5092773438, -102.59644
24095.7158203125, -102.88506
24107.9223632813, -103.10569
24120.1289062500, -103.78701
24132.3354492188, -102.62840
24144.5419921875, -102.63753
24156.7485351563, -103.54552
24168.9550781250, -104.25331
24181.1616210938, -103.58512
24193.3681640625, -102.63682
24205.5747070313, -102.35851
24217.7812500000, -102.70058
24229.9877929688, -103.04641
24242.1943359375, -102.38532
24254.4008789063, -102.68133
24266.6074218750, -103.49900
24278.8139648438, -102.86473
24291.0205078125, -102.92850
24303.2270507813, -104.01409
24315.4335937500, -103.78112
24327.6401367188, -102.93454
24339.8466796875, -103.73736
24352.0532226563, -102.95242
24364.2597656250, -103.70979
24376.4663085938, -103.40270
24388.6728515625, -103.28825
24400.8793945313, -102.90501
24413.0859375000, -103.19244
24425.2924804688, -103.14698
24437.4990234375, -103.67490
24449.7055664063, -102.56074
24461.9121093750, -103.15017
24474.1186523438, -102.89985
24486.3251953125, -102.98717
24498.5317382813, -102.50472
24510.7382812500, -103.62647
24522.9448242188, -103.16234
24535.1513671875, -103.44831
24547.3579101563, -104.04874
24559.5644531250, -103.01707
24571.7709960938, -103.69257
24583.9775390625, -103.46522
24596.1840820313, -103.13107
24608.3906250000, -103.47929
24620.5971679688, -103.85256
24632.8037109375, -104.00220
24645.0102539063, -103.69305
24657.2167968750, -103.30585
24669.4233398438, -102.26944
24681.6298828125, -103.20204
24693.8364257813, -103.08717
24706.0429687500, -104.02820
24718.2495117188, -104.03377
24730.4560546875, -103.58076
24742.6625976563, -103.64568
24754.8691406250, -102.61355
24767.0756835938, -102.17447
24779.2822265625, -102.01356
24791.4887695313, -102.31151
24803.6953125000, -103.18200
24815.9018554688, -102.43419
24828.1083984375, -102.81251
24840.3149414063, -102.61083
24852.5214843750, -103.02694
24864.7280273438, -103.28991
24876.9345703125, -101.91289
24889.1411132813, -101.91346
24901.3476562500, -102.71332
24913.5541992188, -102.60388
24925.7607421875, -102.67866
24937.9672851563, -102.16881
24950.1738281250, -101.84526
24962.3803710938, -102.91520
24974.5869140625, -103.67413
24986.7934570313, -105.78252
