0.0000000000, -31.69192
12.2065429688, -34.70517
24.4130859375, -75.20710
36.6196289063, -75.05011
48.8261718750, -68.05460
61.0327148438, -72.94919
73.2392578125, -81.62785
85.4458007813, -89.51588
97.6523437500, -86.29741
109.8588867188, -88.78530
122.0654296875, -84.75085
134.2719726563, -81.60213
146.4785156250, -73.52342
158.6850585938, -76.08785
170.8916015625, -87.98165
183.0981445313, -93.34695
195.3046875000, -92.18747
207.5112304688, -93.14835
219.7177734375, -90.83284
231.9243164063, -87.38564
244.1308593750, -80.98781
256.3374023438, -81.41034
268.5439453125, -91.57748
280.7504882813, -94.65248
292.9570312500, -93.80589
305.1635742188, -93.50350
317.3701171875, -94.73497
329.5766601563, -94.45863
341.7832031250, -86.46834
353.9897460938, -84.69175
366.1962890625, -93.02833
378.4028320313, -95.16580
390.6093750000, -95.10878
402.8159179688, -95.04695
415.0224609375, -94.24961
427.2290039063, -94.47220
439.4355468750, -89.76173
451.6420898438, -86.19799
463.8486328125, -92.62065
476.0551757813, -94.31132
488.2617187500, -94.41268
500.4682617188, -94.82811
512.6748046875, -94.21394
524.8813476563, -92.22435
537.0878906250, -93.45135
549.2944335938, -93.21264
561.5009765625, -95.86435
573.7075195313, -96.42296
585.9140625000, -95.68160
598.1206054688, -95.63908
610.3271484375, -96.12614
622.5336914063, -95.61536
634.7402343750, -95.46078
646.9467773438, -90.27578
659.1533203125, -92.70756
671.3598632813, -95.97364
683.5664062500, -96.08949
695.7729492188, -95.97094
707.9794921875, -96.91588
720.1860351563, -96.14914
732.3925781250, -93.21205
744.5991210938, -85.07941
756.8056640625, -86.01454
769.0122070313, -95.73627
781.2187500000, -95.85418
793.4252929688, -96.22886
805.6318359375, -97.16215
817.8383789063, -96.23840
830.0449218750, -95.86894
842.2514648438, -91.85772
854.4580078125, -90.27456
866.6645507813, -95.13922
878.8710937500, -96.03205
891.0776367188, -95.63045
903.2841796875, -96.77807
915.4907226563, -98.09347
927.6972656250, -97.20564
939.9038085938, -87.75129
952.1103515625, -83.68080
964.3168945313, -91.41308
976.5234375000, -96.73156
988.7299804688, -96.77397
1000.9365234375, -98.72773
1013.1430664063, -97.54384
1025.3496093750, -97.12080
1037.5561523438, -96.44670
1049.7626953125, -92.04899
1061.9692382813, -96.18085
1074.1757812500, -96.35687
1086.3823242188, -97.54211
1098.5888671875, -97.30596
1110.7954101563, -97.91795
1123.0019531250, -98.30589
1135.2084960938, -94.32069
1147.4150390625, -86.70622
1159.6215820313, -90.00216
1171.8281250000, -97.68009
1184.0346679688, -96.91220
1196.2412109375, -98.60504
1208.4477539063, -99.27882
1220.6542968750, -98.19126
1232.8608398438, -96.81226
1245.0673828125, -88.85937
1257.2739257813, -89.90571
1269.4804687500, -96.31382
1281.6870117188, -98.88543
1293.8935546875, -99.78828
1306.1000976563, -98.99132
1318.3066406250, -99.18200
1330.5131835938, -100.17954
1342.7197265625, -94.36400
1354.9262695313, -93.39798
1367.1328125000, -99.49696
1379.3393554688, -99.69673
1391.5458984375, -99.38776
1403.7524414063, -99.19091
1415.9589843750, -100.13277
1428.1655273438, -99.65475
1440.3720703125, -97.95974
1452.5786132813, -97.35513
1464.7851562500, -99.51601
1476.9916992188, -99.31568
1489.1982421875, -99.73194
1501.4047851563, -99.36844
1513.6113281250, -97.95810
1525.8178710938, -98.59785
1538.0244140625, -97.45570
1550.2309570313, -92.90912
1562.4375000000, -97.90435
1574.6440429688, -100.19574
1586.8505859375, -100.10971
1599.0571289063, -100.05156
1611.2636718750, -99.63205
1623.4702148438, -100.33895
1635.6767578125, -97.10961
1647.8833007813, -91.26608
1660.0898437500, -95.68638
1672.2963867188, -100.11380
1684.5029296875, -100.22545
1696.7094726563, -100.16565
1708.9160156250, -98.86666
1721.1225585938, -99.54232
1733.3291015625, -100.56162
1745.5356445313, -98.14492
1757.7421875000, -98.80898
1769.9487304688, -100.53149
1782.1552734375, -99.78825
1794.3618164063, -100.66959
1806.5683593750, -100.06902
1818.7749023438, -100.16694
1830.9814453125, -100.41010
1843.1879882813, -97.85647
1855.3945312500, -97.37095
1867.6010742188, -100.52147
1879.8076171875, -100.31452
1892.0141601563, -102.02455
1904.2207031250, -100.86139
1916.4272460938, -100.40035
1928.6337890625, -100.68586
1940.8403320313, -100.87363
1953.0468750000, -100.42096
1965.2534179688, -99.94583
1977.4599609375, -101.14450
1989.6665039063, -100.50538
2001.8730468750, -100.73820
2014.0795898438, -101.06483
2026.2861328125, -101.00902
2038.4926757813, -99.56909
2050.6992187500, -99.40601
2062.9057617188, -100.87382
2075.1123046875, -100.67256
2087.3188476563, -100.39715
2099.5253906250, -99.68116
2111.7319335938, -99.97412
2123.9384765625, -101.03184
2136.1450195313, -100.47023
2148.3515625000, -97.62815
2160.5581054688, -99.42172
2172.7646484375, -100.00819
2184.9711914063, -100.21005
2197.1777343750, -101.81574
2209.3842773438, -100.98103
2221.5908203125, -101.77159
2233.7973632813, -102.01140
2246.0039062500, -100.90494
2258.2104492188, -100.22350
2270.4169921875, -100.71602
2282.6235351563, -102.24397
2294.8300781250, -102.21805
2307.0366210938, -101.17528
2319.2431640625, -100.73925
2331.4497070313, -101.42504
2343.6562500000, -99.97029
2355.8627929688, -101.07240
2368.0693359375, -100.78353
2380.2758789063, -102.13854
2392.4824218750, -101.54141
2404.6889648438, -101.18960
2416.8955078125, -101.30526
2429.1020507813, -101.18613
2441.3085937500, -100.73046
2453.5151367188, -101.71019
2465.7216796875, -101.11378
2477.9282226563, -101.40877
2490.1347656250, -101.79564
2502.3413085938, -101.82411
2514.5478515625, -101.90477
2526.7543945313, -98.70778
2538.9609375000, -96.00142
2551.1674804688, -100.98189
2563.3740234375, -101.07388
2575.5805664063, -101.40474
2587.7871093750, -102.76053
2599.9936523438, -102.16023
2612.2001953125, -101.76006
2624.4067382813, -102.07384
2636.6132812500, -101.20862
2648.8198242188, -98.28223
2661.0263671875, -99.82229
2673.2329101563, -101.53453
2685.4394531250, -101.18970
2697.6459960938, -102.07938
2709.8525390625, -101.88840
2722.0590820313, -101.59118
2734.2656250000, -101.44732
2746.4721679688, -101.58283
2758.6787109375, -102.30091
2770.8852539063, -102.27657
2783.0917968750, -101.95250
2795.2983398438, -100.84049
2807.5048828125, -100.54481
2819.7114257813, -100.60493
2831.9179687500, -101.51570
2844.1245117188, -101.35325
2856.3310546875, -100.11290
2868.5375976563, -100.19249
2880.7441406250, -100.68171
2892.9506835938, -102.15516
2905.1572265625, -101.45812
2917.3637695313, -101.44114
2929.5703125000, -101.15607
2941.7768554688, -100.64033
2953.9833984375, -99.00122
2966.1899414063, -101.39433
2978.3964843750, -101.32609
2990.6030273438, -100.83096
3002.8095703125, -101.03846
3015.0161132813, -101.57478
3027.2226562500, -101.88136
3039.4291992188, -102.70251
3051.6357421875, -101.80797
3063.8422851563, -101.67430
3076.0488281250, -101.19937
3088.2553710938, -100.71571
3100.4619140625, -101.33694
3112.6684570313, -102.72610
3124.8750000000, -103.27166
3137.0815429688, -101.61803
3149.2880859375, -99.50615
3161.4946289063, -100.36337
3173.7011718750, -101.84120
3185.9077148438, -101.97979
3198.1142578125, -101.83045
3210.3208007813, -101.12908
3222.5273437500, -102.71012
3234.7338867188, -101.32927
3246.9404296875, -100.71335
3259.1469726563, -101.50258
3271.3535156250, -102.45369
3283.5600585938, -101.89103
3295.7666015625, -101.47576
3307.9731445313, -101.51592
3320.1796875000, -101.45228
3332.3862304688, -101.37357
3344.5927734375, -101.50859
3356.7993164063, -101.37673
3369.0058593750, -102.52499
3381.2124023438, -102.61310
3393.4189453125, -101.94870
3405.6254882813, -102.64994
3417.8320312500, -102.63967
3430.0385742188, -102.68339
3442.2451171875, -101.85928
3454.4516601563, -101.53254
3466.6582031250, -102.19325
3478.8647460938, -102.21052
3491.0712890625, -102.07606
3503.2778320313, -101.58789
3515.4843750000, -101.66482
3527.6909179688, -102.18272
3539.8974609375, -101.43333
3552.1040039063, -100.73376
3564.3105468750, -101.74081
3576.5170898438, -102.06033
3588.7236328125, -100.08101
3600.9301757813, -101.24529
3613.1367187500, -101.56153
3625.3432617188, -102.42107
3637.5498046875, -102.56172
3649.7563476563, -101.32760
3661.9628906250, -101.78708
3674.1694335938, -102.34256
3686.3759765625, -101.89266
3698.5825195313, -102.80152
3710.7890625000, -101.95476
3722.9956054688, -101.10630
3735.2021484375, -102.45790
3747.4086914063, -102.46433
3759.6152343750, -103.01893
3771.8217773438, -102.56544
3784.0283203125, -102.26277
3796.2348632813, -99.79863
3808.4414062500, -97.08953
3820.6479492188, -101.20376
3832.8544921875, -101.55607
3845.0610351563, -101.43308
3857.2675781250, -102.23564
3869.4741210938, -101.39440
3881.6806640625, -101.15065
3893.8872070313, -100.64228
3906.0937500000, -101.95503
3918.3002929688, -103.14397
3930.5068359375, -102.20869
3942.7133789063, -100.46696
3954.9199218750, -101.41149
3967.1264648438, -103.18147
3979.3330078125, -102.13362
3991.5395507813, -102.46307
4003.7460937500, -102.49165
4015.9526367188, -101.85500
4028.1591796875, -102.20890
4040.3657226563, -102.21582
4052.5722656250, -102.04563
4064.7788085938, -101.89773
4076.9853515625, -102.73613
4089.1918945313, -102.01994
4101.3984375000, -101.42805
4113.6049804688, -101.56201
4125.8115234375, -102.69185
4138.0180664063, -103.00902
4150.2246093750, -102.50642
4162.4311523438, -102.50272
4174.6376953125, -102.86941
4186.8442382813, -101.65618
4199.0507812500, -101.62618
4211.2573242188, -100.48679
4223.4638671875, -101.53007
4235.6704101563, -102.13409
4247.8769531250, -101.78875
4260.0834960938, -102.32495
4272.2900390625, -102.58334
4284.4965820313, -102.80398
4296.7031250000, -102.01611
4308.9096679688, -101.30508
4321.1162109375, -101.41496
4333.3227539063, -102.05514
4345.5292968750, -102.40955
4357.7358398438, -101.41650
4369.9423828125, -101.05908
4382.1489257813, -101.40655
4394.3554687500, -101.29782
4406.5620117188, -102.59304
4418.7685546875, -102.93460
4430.9750976563, -102.15470
4443.1816406250, -101.83675
4455.3881835938, -101.68618
4467.5947265625, -102.51808
4479.8012695313, -102.02945
4492.0078125000, -102.81671
4504.2143554688, -102.42813
4516.4208984375, -102.34258
4528.6274414063, -101.71700
4540.8339843750, -100.79163
4553.0405273438, -101.47423
4565.2470703125, -102.92424
4577.4536132813, -102.37894
4589.6601562500, -102.48168
4601.8666992188, -102.49907
4614.0732421875, -100.98789
4626.2797851563, -100.85198
4638.4863281250, -102.32867
4650.6928710938, -102.90553
4662.8994140625, -102.04823
4675.1059570313, -101.02202
4687.3125000000, -101.83218
4699.5190429688, -101.44186
4711.7255859375, -103.12713
4723.9321289063, -103.41040
4736.1386718750, -102.93353
4748.3452148438, -102.30713
4760.5517578125, -102.71496
4772.7583007813, -102.74650
4784.9648437500, -102.74096
4797.1713867188, -103.38105
4809.3779296875, -101.22054
4821.5844726563, -101.80900
4833.7910156250, -101.75332
4845.9975585938, -101.52641
4858.2041015625, -101.69692
4870.4106445313, -101.59285
4882.6171875000, -102.01025
4894.8237304688, -101.84106
4907.0302734375, -102.35934
4919.2368164063, -102.48184
4931.4433593750, -102.64791
4943.6499023438, -101.97130
4955.8564453125, -102.11244
4968.0629882813, -101.57231
4980.2695312500, -101.45991
4992.4760742188, -101.51841
5004.6826171875, -101.60810
5016.8891601563, -102.12181
5029.0957031250, -102.35455
5041.3022460938, -102.26060
5053.5087890625, -101.76457
5065.7153320313, -99.02996
5077.9218750000, -97.31568
5090.1284179688, -102.15071
5102.3349609375, -103.54778
5114.5415039063, -102.39484
5126.7480468750, -103.11767
5138.9545898438, -102.50367
5151.1611328125, -102.75684
5163.3676757813, -102.01159
5175.5742187500, -102.17532
5187.7807617188, -101.55097
5199.9873046875, -101.45494
5212.1938476563, -102.80546
5224.4003906250, -102.41277
5236.6069335938, -103.84170
5248.8134765625, -103.28824
5261.0200195313, -101.96668
5273.2265625000, -102.58487
5285.4331054688, -102.99264
5297.6396484375, -102.57033
5309.8461914063, -102.67893
5322.0527343750, -101.93448
5334.2592773438, -102.11052
5346.4658203125, -102.11067
5358.6723632813, -101.79817
5370.8789062500, -102.86448
5383.0854492188, -102.30458
5395.2919921875, -102.78414
5407.4985351563, -102.63175
5419.7050781250, -101.20986
5431.9116210938, -101.64878
5444.1181640625, -101.67829
5456.3247070313, -102.42213
5468.5312500000, -102.26636
5480.7377929688, -101.59757
5492.9443359375, -102.10962
5505.1508789063, -102.27805
5517.3574218750, -101.61943
5529.5639648438, -102.03851
5541.7705078125, -101.50642
5553.9770507813, -102.90751
5566.1835937500, -103.28399
5578.3901367188, -102.45434
5590.5966796875, -102.37508
5602.8032226563, -102.64081
5615.0097656250, -102.72405
5627.2163085938, -101.73741
5639.4228515625, -101.71594
5651.6293945313, -101.72170
5663.8359375000, -102.11012
5676.0424804688, -102.10739
5688.2490234375, -101.05498
5700.4555664063, -101.68600
5712.6621093750, -102.45853
5724.8686523438, -102.32371
5737.0751953125, -102.41892
5749.2817382813, -102.54427
5761.4882812500, -102.60576
5773.6948242188, -102.75309
5785.9013671875, -102.77322
5798.1079101563, -102.25749
5810.3144531250, -102.42184
5822.5209960938, -102.12690
5834.7275390625, -101.63878
5846.9340820313, -101.69085
5859.1406250000, -102.52014
5871.3471679688, -102.60047
5883.5537109375, -101.87037
5895.7602539063, -102.62090
5907.9667968750, -102.25848
5920.1733398438, -102.47316
5932.3798828125, -102.68157
5944.5864257813, -102.65610
5956.7929687500, -102.40499
5968.9995117188, -103.09295
5981.2060546875, -102.15865
5993.4125976563, -102.64599
6005.6191406250, -101.88175
6017.8256835938, -103.57102
6030.0322265625, -102.65664
6042.2387695313, -102.54216
6054.4453125000, -101.95163
6066.6518554688, -103.31596
6078.8583984375, -101.93107
6091.0649414063, -102.32094
6103.2714843750, -102.55782
6115.4780273438, -103.09557
6127.6845703125, -102.86490
6139.8911132813, -102.06415
6152.0976562500, -102.24706
6164.3041992188, -102.40554
6176.5107421875, -102.17288
6188.7172851563, -102.10641
6200.9238281250, -101.82038
6213.1303710938, -102.56232
6225.3369140625, -102.33367
6237.5434570313, -102.11083
6249.7500000000, -102.49436
6261.9565429688, -102.86407
6274.1630859375, -102.77017
6286.3696289063, -102.50669
6298.5761718750, -102.70710
6310.7827148438, -103.37273
6322.9892578125, -102.07875
6335.1958007813, -100.14810
6347.4023437500, -98.34815
6359.6088867188, -101.15917
6371.8154296875, -102.25404
6384.0219726563, -101.93496
6396.2285156250, -102.40398
6408.4350585938, -102.44870
6420.6416015625, -102.67510
6432.8481445313, -103.54617
6445.0546875000, -102.40312
6457.2612304688, -102.68705
6469.4677734375, -102.86643
6481.6743164063, -102.54959
6493.8808593750, -102.63384
6506.0874023438, -102.56207
6518.2939453125, -102.03520
6530.5004882813, -101.84880
6542.7070312500, -102.70552
6554.9135742188, -102.43448
6567.1201171875, -102.18712
6579.3266601563, -102.78998
6591.5332031250, -101.77674
6603.7397460938, -102.14472
6615.9462890625, -102.32966
6628.1528320313, -102.57274
6640.3593750000, -102.78223
6652.5659179688, -101.45845
6664.7724609375, -100.85910
6676.9790039063, -101.70139
6689.1855468750, -102.77029
6701.3920898438, -102.98864
6713.5986328125, -103.02025
6725.8051757813, -102.71668
6738.0117187500, -102.52521
6750.2182617188, -101.45316
6762.4248046875, -103.35458
6774.6313476563, -102.70198
6786.8378906250, -102.47647
6799.0444335938, -101.01985
6811.2509765625, -101.58063
6823.4575195313, -99.91283
6835.6640625000, -100.21625
6847.8706054688, -102.49703
6860.0771484375, -102.09681
6872.2836914063, -102.78114
6884.4902343750, -102.64345
6896.6967773438, -102.41708
6908.9033203125, -102.07123
6921.1098632813, -101.25810
6933.3164062500, -101.77052
6945.5229492188, -101.64333
6957.7294921875, -101.61450
6969.9360351563, -102.56487
6982.1425781250, -101.66988
6994.3491210938, -101.45493
7006.5556640625, -102.24846
7018.7622070313, -102.41119
7030.9687500000, -101.79589
7043.1752929688, -102.22167
7055.3818359375, -102.19105
7067.5883789063, -101.92074
7079.7949218750, -101.29622
7092.0014648438, -101.74884
7104.2080078125, -102.46930
7116.4145507813, -102.11431
7128.6210937500, -101.51541
7140.8276367188, -102.15311
7153.0341796875, -102.81793
7165.2407226563, -102.15941
7177.4472656250, -102.22038
7189.6538085938, -101.91493
7201.8603515625, -101.70023
7214.0668945313, -103.86640
7226.2734375000, -102.33222
7238.4799804688, -103.39288
7250.6865234375, -103.06345
7262.8930664063, -102.72455
7275.0996093750, -102.08702
7287.3061523438, -102.16724
7299.5126953125, -103.02963
7311.7192382813, -102.95847
7323.9257812500, -102.01490
7336.1323242188, -101.79138
7348.3388671875, -102.41440
7360.5454101563, -102.02636
7372.7519531250, -102.77984
7384.9584960938, -102.88409
7397.1650390625, -102.13985
7409.3715820313, -102.06619
7421.5781250000, -102.26510
7433.7846679688, -103.12284
7445.9912109375, -103.84522
7458.1977539063, -101.93321
7470.4042968750, -101.56723
7482.6108398438, -101.70711
7494.8173828125, -102.64729
7507.0239257813, -102.36100
7519.2304687500, -101.74079
7531.4370117188, -102.65571
7543.6435546875, -102.13144
7555.8500976563, -102.07037
7568.0566406250, -102.63887
7580.2631835938, -102.99926
7592.4697265625, -102.38807
7604.6762695313, -98.91006
7616.8828125000, -98.67321
7629.0893554688, -101.94297
7641.2958984375, -102.77191
7653.5024414063, -101.90565
7665.7089843750, -101.48070
7677.9155273438, -102.18772
7690.1220703125, -102.02037
7702.3286132813, -102.24484
7714.5351562500, -101.94315
7726.7416992188, -101.62384
7738.9482421875, -102.46756
7751.1547851563, -102.19746
7763.3613281250, -102.34867
7775.5678710938, -101.99976
7787.7744140625, -102.20034
7799.9809570313, -100.65954
7812.1875000000, -101.60399
7824.3940429688, -102.85856
7836.6005859375, -102.85535
7848.8071289063, -102.08982
7861.0136718750, -102.16082
7873.2202148438, -103.42177
7885.4267578125, -102.33670
7897.6333007813, -102.72463
7909.8398437500, -101.80115
7922.0463867188, -102.54911
7934.2529296875, -102.36058
7946.4594726563, -102.66073
7958.6660156250, -102.57990
7970.8725585938, -102.91199
7983.0791015625, -102.61695
7995.2856445313, -102.78776
8007.4921875000, -102.47028
8019.6987304688, -101.74017
8031.9052734375, -102.36480
8044.1118164063, -102.18079
8056.3183593750, -102.51021
8068.5249023438, -102.53258
8080.7314453125, -102.15825
8092.9379882813, -102.33744
8105.1445312500, -102.59418
8117.3510742188, -102.50858
8129.5576171875, -102.06215
8141.7641601563, -102.09179
8153.9707031250, -101.30234
8166.1772460938, -102.42566
8178.3837890625, -102.74379
8190.5903320313, -102.30834
8202.7968750000, -102.77162
8215.0034179688, -103.04670
8227.2099609375, -102.04433
8239.4165039063, -102.19409
8251.6230468750, -101.68385
8263.8295898438, -101.99268
8276.0361328125, -102.47474
8288.2426757813, -101.40503
8300.4492187500, -102.43530
8312.6557617188, -101.90589
8324.8623046875, -102.13972
8337.0688476563, -101.73112
8349.2753906250, -101.67331
8361.4819335938, -102.53286
8373.6884765625, -101.93109
8385.8950195313, -102.03016
8398.1015625000, -102.58914
8410.3081054688, -102.77491
8422.5146484375, -103.01463
8434.7211914063, -103.00667
8446.9277343750, -101.45371
8459.1342773438, -102.08281
8471.3408203125, -102.01824
8483.5473632813, -102.42451
8495.7539062500, -102.07823
8507.9604492188, -101.71914
8520.1669921875, -102.36634
8532.3735351563, -103.03209
8544.5800781250, -102.09579
8556.7866210938, -103.53167
8568.9931640625, -102.66961
8581.1997070313, -102.16667
8593.4062500000, -102.58126
8605.6127929688, -102.75034
8617.8193359375, -102.74714
8630.0258789063, -102.10759
8642.2324218750, -102.00393
8654.4389648438, -102.27289
8666.6455078125, -102.33405
8678.8520507813, -102.89062
8691.0585937500, -102.49042
8703.2651367188, -102.07521
8715.4716796875, -101.81201
8727.6782226563, -102.66272
8739.8847656250, -101.81058
8752.0913085938, -101.31414
8764.2978515625, -102.85650
8776.5043945313, -102.54783
8788.7109375000, -102.84274
8800.9174804688, -102.89733
8813.1240234375, -102.02901
8825.3305664063, -102.61410
8837.5371093750, -101.98807
8849.7436523438, -102.48212
8861.9501953125, -102.38075
8874.1567382813, -99.09598
8886.3632812500, -98.79930
8898.5698242188, -101.25230
8910.7763671875, -101.47787
8922.9829101563, -102.24691
8935.1894531250, -102.75092
8947.3959960938, -101.76015
8959.6025390625, -102.09626
8971.8090820313, -102.27065
8984.0156250000, -102.65767
8996.2221679688, -102.24106
9008.4287109375, -102.01566
9020.6352539063, -103.15675
9032.8417968750, -102.33954
9045.0483398438, -102.41978
9057.2548828125, -102.76140
9069.4614257813, -102.81176
9081.6679687500, -103.09530
9093.8745117188, -102.79009
9106.0810546875, -101.98363
9118.2875976563, -101.42202
9130.4941406250, -102.31732
9142.7006835938, -102.44997
9154.9072265625, -102.21807
9167.1137695313, -102.94731
9179.3203125000, -102.83217
9191.5268554688, -102.67811
9203.7333984375, -102.97072
9215.9399414063, -101.75236
9228.1464843750, -101.44727
9240.3530273438, -102.40728
9252.5595703125, -102.47045
9264.7661132813, -102.23969
9276.9726562500, -101.98115
9289.1791992188, -103.18239
9301.3857421875, -102.10541
9313.5922851563, -101.25462
9325.7988281250, -102.55082
9338.0053710938, -103.05266
9350.2119140625, -103.85187
9362.4184570313, -102.79763
9374.6250000000, -102.70418
9386.8315429688, -102.85313
9399.0380859375, -101.89068
9411.2446289063, -101.66750
9423.4511718750, -101.20163
9435.6577148438, -101.89187
9447.8642578125, -102.07907
9460.0708007813, -102.35996
9472.2773437500, -101.41119
9484.4838867188, -101.80123
9496.6904296875, -101.66802
9508.8969726563, -101.67471
9521.1035156250, -102.67498
9533.3100585938, -102.86325
9545.5166015625, -102.11207
9557.7231445313, -101.77952
9569.9296875000, -102.05625
9582.1362304688, -102.62802
9594.3427734375, -102.81319
9606.5493164063, -101.13852
9618.7558593750, -103.23023
9630.9624023438, -102.71951
9643.1689453125, -102.90277
9655.3754882813, -104.01056
9667.5820312500, -102.64744
9679.7885742188, -102.07303
9691.9951171875, -102.15984
9704.2016601563, -103.34112
9716.4082031250, -102.32054
9728.6147460938, -102.47342
9740.8212890625, -102.93833
9753.0278320313, -102.58873
9765.2343750000, -102.12030
9777.4409179688, -103.72328
9789.6474609375, -102.57212
9801.8540039063, -102.05767
9814.0605468750, -102.23547
9826.2670898438, -102.72500
9838.4736328125, -102.22225
9850.6801757813, -101.34299
9862.8867187500, -102.45504
9875.0932617188, -102.94883
9887.2998046875, -102.45488
9899.5063476563, -102.86841
9911.7128906250, -101.40598
9923.9194335938, -101.60023
9936.1259765625, -102.12237
9948.3325195313, -102.45044
9960.5390625000, -102.28592
9972.7456054688, -102.37431
9984.9521484375, -103.21716
9997.1586914063, -102.42964
10009.3652343750, -101.74021
10021.5717773438, -102.77735
10033.7783203125, -102.02744
10045.9848632813, -102.46710
10058.1914062500, -102.17902
10070.3979492188, -102.12335
10082.6044921875, -102.96935
10094.8110351563, -103.48295
10107.0175781250, -102.74271
10119.2241210938, -101.33928
10131.4306640625, -101.57678
10143.6372070313, -99.48290
10155.8437500000, -98.94013
10168.0502929688, -101.71784
10180.2568359375, -101.70131
10192.4633789063, -102.30806
10204.6699218750, -101.13879
10216.8764648438, -101.84744
10229.0830078125, -101.08615
10241.2895507813, -102.07808
10253.4960937500, -101.67218
10265.7026367188, -101.79645
10277.9091796875, -102.48446
10290.1157226563, -102.16121
10302.3222656250, -102.38099
10314.5288085938, -102.83739
10326.7353515625, -103.09474
10338.9418945313, -102.31978
10351.1484375000, -101.97588
10363.3549804688, -101.75077
10375.5615234375, -103.18016
10387.7680664063, -101.94511
10399.9746093750, -101.97749
10412.1811523438, -102.65899
10424.3876953125, -102.25643
10436.5942382813, -102.41267
10448.8007812500, -102.25105
10461.0073242188, -103.07238
10473.2138671875, -102.48359
10485.4204101563, -102.04679
10497.6269531250, -102.70109
10509.8334960938, -102.62603
10522.0400390625, -102.71643
10534.2465820313, -102.37338
10546.4531250000, -101.82194
10558.6596679688, -101.71425
10570.8662109375, -102.14294
10583.0727539063, -102.68915
10595.2792968750, -102.42392
10607.4858398438, -102.06112
10619.6923828125, -102.12457
10631.8989257813, -102.24906
10644.1054687500, -102.33014
10656.3120117188, -103.40944
10668.5185546875, -102.93046
10680.7250976563, -103.29641
10692.9316406250, -102.58844
10705.1381835938, -103.23811
10717.3447265625, -103.03898
10729.5512695313, -103.67495
10741.7578125000, -103.77292
10753.9643554688, -102.74349
10766.1708984375, -102.99235
10778.3774414063, -103.01583
10790.5839843750, -101.99105
10802.7905273438, -102.26544
10814.9970703125, -102.73571
10827.2036132813, -102.05865
10839.4101562500, -101.74222
10851.6166992188, -101.75701
10863.8232421875, -102.00561
10876.0297851563, -102.63830
10888.2363281250, -103.49169
10900.4428710938, -103.28305
10912.6494140625, -102.48820
10924.8559570313, -102.23688
10937.0625000000, -102.64354
10949.2690429688, -102.91630
10961.4755859375, -102.62621
10973.6821289063, -103.40026
10985.8886718750, -103.37848
10998.0952148438, -103.08081
11010.3017578125, -102.55667
11022.5083007813, -102.32531
11034.7148437500, -102.34264
11046.9213867188, -102.25972
11059.1279296875, -102.71442
11071.3344726563, -103.04147
11083.5410156250, -102.54368
11095.7475585938, -102.77806
11107.9541015625, -103.23514
11120.1606445313, -102.83664
11132.3671875000, -102.81098
11144.5737304688, -103.29192
11156.7802734375, -103.00876
11168.9868164063, -102.40639
11181.1933593750, -102.57578
11193.3999023438, -102.74638
11205.6064453125, -102.61140
11217.8129882813, -102.86476
11230.0195312500, -102.08079
11242.2260742188, -101.86034
11254.4326171875, -102.78619
11266.6391601563, -101.76849
11278.8457031250, -101.84049
11291.0522460938, -102.27569
11303.2587890625, -102.40529
11315.4653320313, -102.89857
11327.6718750000, -101.96651
11339.8784179688, -102.50080
11352.0849609375, -101.58180
11364.2915039063, -101.88160
11376.4980468750, -102.11699
11388.7045898438, -102.56190
11400.9111328125, -102.99738
11413.1176757813, -99.62818
11425.3242187500, -99.69116
11437.5307617188, -103.33383
11449.7373046875, -102.71660
11461.9438476563, -102.05299
11474.1503906250, -101.08991
11486.3569335938, -101.10373
11498.5634765625, -101.00956
11510.7700195313, -101.12618
11522.9765625000, -102.12319
11535.1831054688, -101.83271
11547.3896484375, -102.25438
11559.5961914063, -102.49592
11571.8027343750, -102.39259
11584.0092773438, -102.89464
11596.2158203125, -101.71752
11608.4223632813, -102.02373
11620.6289062500, -102.79287
11632.8354492188, -103.45068
11645.0419921875, -103.65700
11657.2485351563, -102.77811
11669.4550781250, -102.06458
11681.6616210938, -102.38313
11693.8681640625, -102.54544
11706.0747070313, -102.46098
11718.2812500000, -103.03154
11730.4877929688, -103.16620
11742.6943359375, -101.92762
11754.9008789063, -101.86787
11767.1074218750, -102.21360
11779.3139648438, -102.37788
11791.5205078125, -103.61896
11803.7270507813, -103.00915
11815.9335937500, -102.35277
11828.1401367188, -102.42818
11840.3466796875, -103.21686
11852.5532226563, -102.59579
11864.7597656250, -101.51943
11876.9663085938, -101.76503
11889.1728515625, -102.48080
11901.3793945313, -102.10921
11913.5859375000, -103.27290
11925.7924804688, -103.02971
11937.9990234375, -102.48374
11950.2055664063, -101.92526
11962.4121093750, -103.14907
11974.6186523438, -102.18350
11986.8251953125, -101.70526
11999.0317382813, -101.54935
12011.2382812500, -102.76557
12023.4448242188, -102.74317
12035.6513671875, -103.00190
12047.8579101563, -102.19064
12060.0644531250, -102.63838
12072.2709960938, -102.95764
12084.4775390625, -102.00702
12096.6840820313, -101.44606
12108.8906250000, -101.92828
12121.0971679688, -102.32754
12133.3037109375, -102.48151
12145.5102539063, -102.99713
12157.7167968750, -102.74672
12169.9233398438, -102.43574
12182.1298828125, -101.83500
12194.3364257813, -101.71635
12206.5429687500, -102.11245
12218.7495117188, -102.62451
12230.9560546875, -101.49118
12243.1625976563, -101.81767
12255.3691406250, -102.41835
12267.5756835938, -102.35709
12279.7822265625, -102.47306
12291.9887695313, -102.38830
12304.1953125000, -102.74368
12316.4018554688, -102.85232
12328.6083984375, -102.66628
12340.8149414063, -103.00590
12353.0214843750, -103.03602
12365.2280273438, -101.55572
12377.4345703125, -102.70966
12389.6411132813, -102.05725
12401.8476562500, -101.89036
12414.0541992188, -101.68338
12426.2607421875, -102.87541
12438.4672851563, -102.18411
12450.6738281250, -102.75771
12462.8803710938, -102.13724
12475.0869140625, -102.63281
12487.2934570313, -102.59296
12499.5000000000, -101.83136
12511.7065429688, -102.43119
12523.9130859375, -102.48345
12536.1196289063, -103.04305
12548.3261718750, -102.99640
12560.5327148438, -101.22344
12572.7392578125, -102.04076
12584.9458007813, -102.74370
12597.1523437500, -102.27831
12609.3588867188, -102.50181
12621.5654296875, -102.17560
12633.7719726563, -102.59434
12645.9785156250, -102.25556
12658.1850585938, -102.10489
12670.3916015625, -101.56363
12682.5981445313, -98.10619
12694.8046875000, -100.44316
12707.0112304688, -102.21303
12719.2177734375, -102.94574
12731.4243164063, -102.99356
12743.6308593750, -102.85098
12755.8374023438, -102.67023
12768.0439453125, -103.10419
12780.2504882813, -102.96776
12792.4570312500, -101.89623
12804.6635742188, -102.44964
12816.8701171875, -102.51492
12829.0766601563, -102.89802
12841.2832031250, -102.58602
12853.4897460938, -101.83575
12865.6962890625, -102.73534
12877.9028320313, -102.22983
12890.1093750000, -102.84938
12902.3159179688, -102.55493
12914.5224609375, -104.11571
12926.7290039063, -102.45947
12938.9355468750, -101.32955
12951.1420898438, -101.85825
12963.3486328125, -102.59614
12975.5551757813, -102.76755
12987.7617187500, -102.06801
12999.9682617188, -102.81237
13012.1748046875, -102.04008
13024.3813476563, -101.28750
13036.5878906250, -100.94281
13048.7944335938, -101.60490
13061.0009765625, -101.78925
13073.2075195313, -102.12316
13085.4140625000, -101.83999
13097.6206054688, -102.06167
13109.8271484375, -102.07003
13122.0336914063, -102.82552
13134.2402343750, -102.29218
13146.4467773438, -103.08985
13158.6533203125, -102.79769
13170.8598632813, -102.31402
13183.0664062500, -102.10192
13195.2729492188, -102.60342
13207.4794921875, -102.53681
13219.6860351563, -101.86280
13231.8925781250, -101.68209
13244.0991210938, -101.90871
13256.3056640625, -102.60964
13268.5122070313, -101.96348
13280.7187500000, -102.49417
13292.9252929688, -103.07512
13305.1318359375, -101.92792
13317.3383789063, -101.95551
13329.5449218750, -102.59766
13341.7514648438, -102.63389
13353.9580078125, -102.00917
13366.1645507813, -102.53448
13378.3710937500, -102.20541
13390.5776367188, -102.65134
13402.7841796875, -102.72940
13414.9907226563, -102.22612
13427.1972656250, -102.31880
13439.4038085938, -102.51981
13451.6103515625, -101.84978
13463.8168945313, -102.47475
13476.0234375000, -102.17340
13488.2299804688, -101.82088
13500.4365234375, -101.91758
13512.6430664063, -102.29894
13524.8496093750, -101.35175
13537.0561523438, -102.24178
13549.2626953125, -102.39395
13561.4692382813, -102.33747
13573.6757812500, -102.21948
13585.8823242188, -101.98984
13598.0888671875, -102.61547
13610.2954101563, -103.18171
13622.5019531250, -102.77443
13634.7084960938, -102.14711
13646.9150390625, -100.92209
13659.1215820313, -101.30412
13671.3281250000, -103.72477
13683.5346679688, -102.27384
13695.7412109375, -103.06536
13707.9477539063, -102.49238
13720.1542968750, -102.08261
13732.3608398438, -102.42188
13744.5673828125, -102.32906
13756.7739257813, -102.97605
13768.9804687500, -102.61218
13781.1870117188, -102.17842
13793.3935546875, -102.95839
13805.6000976563, -101.78260
13817.8066406250, -101.83676
13830.0131835938, -101.17669
13842.2197265625, -102.01752
13854.4262695313, -102.34973
13866.6328125000, -102.15940
13878.8393554688, -102.62509
13891.0458984375, -102.38226
13903.2524414063, -101.81042
13915.4589843750, -102.51345
13927.6655273438, -102.78100
13939.8720703125, -102.22606
13952.0786132813, -98.47948
13964.2851562500, -99.23717
13976.4916992188, -102.20547
13988.6982421875, -101.56546
14000.9047851563, -101.49347
14013.1113281250, -100.99997
14025.3178710938, -101.05343
14037.5244140625, -101.60775
14049.7309570313, -102.17940
14061.9375000000, -102.85466
14074.1440429688, -102.56700
14086.3505859375, -102.30809
14098.5571289063, -102.57610
14110.7636718750, -102.21850
14122.9702148438, -102.21983
14135.1767578125, -101.82935
14147.3833007813, -101.84298
14159.5898437500, -101.72310
14171.7963867188, -103.09598
14184.0029296875, -102.19074
14196.2094726563, -102.82396
14208.4160156250, -102.37745
14220.6225585938, -102.12069
14232.8291015625, -102.09855
14245.0356445313, -100.81199
14257.2421875000, -102.38175
14269.4487304688, -102.09969
14281.6552734375, -93.00058
14293.8618164063, -79.80119
14306.0683593750, -80.28958
14318.2749023438, -94.67303
14330.4814453125, -103.44507
14342.6879882813, -101.95833
14354.8945312500, -101.65911
14367.1010742188, -101.76658
14379.3076171875, -102.31548
14391.5141601563, -101.45909
14403.7207031250, -101.61955
14415.9272460938, -101.24155
14428.1337890625, -102.01290
14440.3403320313, -101.80209
14452.5468750000, -102.23493
14464.7534179688, -102.60223
14476.9599609375, -103.01813
14489.1665039063, -103.14270
14501.3730468750, -102.25461
14513.5795898438, -102.71784
14525.7861328125, -102.12836
14537.9926757813, -101.31172
14550.1992187500, -102.88152
14562.4057617188, -102.39587
14574.6123046875, -101.69085
14586.8188476563, -101.70602
14599.0253906250, -101.69555
14611.2319335938, -101.10776
14623.4384765625, -101.21854
14635.6450195313, -101.54712
14647.8515625000, -101.29330
14660.0581054688, -101.63584
14672.2646484375, -101.52507
14684.4711914063, -101.74662
14696.6777343750, -101.95317
14708.8842773438, -101.98466
14721.0908203125, -101.72297
14733.2973632813, -100.88064
14745.5039062500, -100.04002
14757.7104492188, -100.36997
14769.9169921875, -101.76128
14782.1235351563, -101.57676
14794.3300781250, -101.55507
14806.5366210938, -102.17425
14818.7431640625, -101.90181
14830.9497070313, -101.57142
14843.1562500000, -101.69609
14855.3627929688, -101.93072
14867.5693359375, -102.20175
14879.7758789063, -101.77970
14891.9824218750, -101.53710
14904.1889648438, -100.68627
14916.3955078125, -101.70712
14928.6020507813, -102.19354
14940.8085937500, -101.51786
14953.0151367188, -101.15306
14965.2216796875, -101.61145
14977.4282226563, -101.16308
14989.6347656250, -101.57079
15001.8413085938, -101.49397
15014.0478515625, -101.97107
15026.2543945313, -101.19048
15038.4609375000, -101.26322
15050.6674804688, -100.98920
15062.8740234375, -100.42320
15075.0805664063, -100.41470
15087.2871093750, -100.51888
15099.4936523438, -101.44786
15111.7001953125, -101.06164
15123.9067382813, -101.74530
15136.1132812500, -100.68014
15148.3198242188, -100.42856
15160.5263671875, -100.25037
15172.7329101563, -100.34124
15184.9394531250, -101.36242
15197.1459960938, -101.69677
15209.3525390625, -100.49930
15221.5590820313, -94.90618
15233.7656250000, -96.93224
15245.9721679688, -100.65862
15258.1787109375, -101.02414
15270.3852539063, -101.40566
15282.5917968750, -100.52581
15294.7983398438, -101.14952
15307.0048828125, -101.15650
15319.2114257813, -101.58895
15331.4179687500, -100.54594
15343.6245117188, -99.15301
15355.8310546875, -99.28970
15368.0375976563, -99.90149
15380.2441406250, -100.50629
15392.4506835938, -100.19881
15404.6572265625, -99.82711
15416.8637695313, -100.62736
15429.0703125000, -99.95687
15441.2768554688, -99.70104
15453.4833984375, -99.11109
15465.6899414063, -99.22303
15477.8964843750, -100.24809
15490.1030273438, -100.35070
15502.3095703125, -100.78673
15514.5161132813, -100.32540
15526.7226562500, -100.00139
15538.9291992188, -99.30847
15551.1357421875, -99.01164
15563.3422851563, -99.33565
15575.5488281250, -99.30061
15587.7553710938, -98.51099
15599.9619140625, -98.86675
15612.1684570313, -99.19252
15624.3750000000, -99.17080
15636.5815429688, -99.86134
15648.7880859375, -99.23585
15660.9946289063, -98.82451
15673.2011718750, -98.68600
15685.4077148438, -98.95482
15697.6142578125, -100.23647
15709.8208007813, -99.13031
15722.0273437500, -98.62606
15734.2338867188, -98.23261
15746.4404296875, -97.54811
15758.6469726563, -97.02645
15770.8535156250, -97.46491
15783.0600585938, -97.37620
15795.2666015625, -97.02604
15807.4731445313, -96.89564
15819.6796875000, -97.98260
15831.8862304688, -97.71176
15844.0927734375, -96.59861
15856.2993164063, -95.92873
15868.5058593750, -96.49888
15880.7124023438, -95.40863
15892.9189453125, -96.31958
15905.1254882813, -96.02705
15917.3320312500, -96.42964
15929.5385742188, -95.62237
15941.7451171875, -95.70806
15953.9516601563, -95.49509
15966.1582031250, -95.64976
15978.3647460938, -94.87113
15990.5712890625, -94.26874
16002.7778320313, -93.47915
16014.9843750000, -94.12013
16027.1909179688, -94.59179
16039.3974609375, -93.79463
16051.6040039063, -93.36133
16063.8105468750, -92.69053
16076.0170898438, -92.89383
16088.2236328125, -92.61489
16100.4301757813, -92.37295
16112.6367187500, -92.42922
16124.8432617188, -92.39839
16137.0498046875, -92.40812
16149.2563476563, -90.96503
16161.4628906250, -91.15674
16173.6694335938, -90.29259
16185.8759765625, -91.23732
16198.0825195313, -91.11063
16210.2890625000, -90.17393
16222.4956054688, -90.84481
16234.7021484375, -91.00085
16246.9086914063, -90.79261
16259.1152343750, -89.99369
16271.3217773438, -89.75726
16283.5283203125, -90.37295
16295.7348632813, -89.58920
16307.9414062500, -89.74173
16320.1479492188, -89.77114
16332.3544921875, -90.38187
16344.5610351563, -90.56138
16356.7675781250, -89.94672
16368.9741210938, -88.53550
16381.1806640625, -89.72579
16393.3872070313, -89.56978
16405.5937500000, -89.60804
16417.8002929688, -90.64290
16430.0068359375, -90.69064
16442.2133789063, -90.62300
16454.4199218750, -89.60499
16466.6264648438, -89.30972
16478.8330078125, -87.88426
16491.0395507813, -83.34987
16503.2460937500, -85.23155
16515.4526367188, -89.23739
16527.6591796875, -88.90257
16539.8657226563, -89.54117
16552.0722656250, -89.59302
16564.2788085938, -89.19628
16576.4853515625, -88.27332
16588.6918945313, -89.46929
16600.8984375000, -89.20501
16613.1049804688, -88.64637
16625.3115234375, -88.86479
16637.5180664063, -88.77765
16649.7246093750, -88.43059
16661.9311523438, -89.41345
16674.1376953125, -88.73787
16686.3442382813, -89.41880
16698.5507812500, -88.98883
16710.7573242188, -88.70161
16722.9638671875, -89.28112
16735.1704101563, -89.78045
16747.3769531250, -88.55927
16759.5834960938, -87.72952
16771.7900390625, -89.11001
16783.9965820313, -90.07781
16796.2031250000, -89.61572
16808.4096679688, -89.11866
16820.6162109375, -89.23655
16832.8227539063, -89.64692
16845.0292968750, -89.29946
16857.2358398438, -89.79081
16869.4423828125, -90.74078
16881.6489257813, -91.69645
16893.8554687500, -90.54692
16906.0620117188, -89.99034
16918.2685546875, -90.63578
16930.4750976563, -91.02890
16942.6816406250, -91.65124
16954.8881835938, -91.09850
16967.0947265625, -91.56425
16979.3012695313, -93.03513
16991.5078125000, -92.90405
17003.7143554688, -93.20818
17015.9208984375, -93.57395
17028.1274414063, -92.73555
17040.3339843750, -94.00908
17052.5405273438, -94.45990
17064.7470703125, -93.97386
17076.9536132813, -93.77672
17089.1601562500, -95.49597
17101.3666992188, -94.95643
17113.5732421875, -95.70481
17125.7797851563, -95.74960
17137.9863281250, -95.45849
17150.1928710938, -95.88173
17162.3994140625, -95.70240
17174.6059570313, -94.99985
17186.8125000000, -95.70494
17199.0190429688, -97.32303
17211.2255859375, -97.24047
17223.4321289063, -98.06519
17235.6386718750, -97.63352
17247.8452148438, -97.29941
17260.0517578125, -97.59069
17272.2583007813, -99.00133
17284.4648437500, -97.71582
17296.6713867188, -98.09979
17308.8779296875, -98.16071
17321.0844726563, -97.61504
17333.2910156250, -97.46972
17345.4975585938, -98.46911
17357.7041015625, -98.32739
17369.9106445313, -98.67970
17382.1171875000, -98.99424
17394.3237304688, -99.58154
17406.5302734375, -99.43270
17418.7368164063, -99.56865
17430.9433593750, -98.46974
17443.1499023438, -97.58174
17455.3564453125, -98.49586
17467.5629882813, -98.59926
17479.7695312500, -98.74104
17491.9760742188, -99.68711
17504.1826171875, -99.83750
17516.3891601563, -99.34183
17528.5957031250, -99.18018
17540.8022460938, -98.20804
17553.0087890625, -98.79552
17565.2153320313, -99.67675
17577.4218750000, -100.66618
17589.6284179688, -100.47364
17601.8349609375, -99.81661
17614.0415039063, -100.05709
17626.2480468750, -99.92832
17638.4545898438, -99.67099
17650.6611328125, -100.02538
17662.8676757813, -100.54763
17675.0742187500, -100.10107
17687.2807617188, -99.55156
17699.4873046875, -100.10560
17711.6938476563, -99.40985
17723.9003906250, -100.54967
17736.1069335938, -100.17395
17748.3134765625, -99.65518
17760.5200195313, -97.63343
17772.7265625000, -99.66128
17784.9331054688, -101.25123
17797.1396484375, -100.77955
17809.3461914063, -100.43355
17821.5527343750, -100.75830
17833.7592773438, -100.99509
17845.9658203125, -101.19853
17858.1723632813, -101.96647
17870.3789062500, -100.76728
17882.5854492188, -101.35542
17894.7919921875, -102.00771
17906.9985351563, -101.25396
17919.2050781250, -100.25900
17931.4116210938, -100.43996
17943.6181640625, -100.11600
17955.8247070313, -100.47761
17968.0312500000, -102.05053
17980.2377929688, -101.65892
17992.4443359375, -102.02082
18004.6508789063, -101.49809
18016.8574218750, -101.77753
18029.0639648438, -97.64579
18041.2705078125, -96.92967
18053.4770507813, -100.92438
18065.6835937500, -101.83960
18077.8901367188, -102.68147
18090.0966796875, -101.72572
18102.3032226563, -101.16477
18114.5097656250, -101.92097
18126.7163085938, -100.80502
18138.9228515625, -99.92705
18151.1293945313, -101.33903
18163.3359375000, -101.70907
18175.5424804688, -102.01833
18187.7490234375, -102.02889
18199.9555664063, -101.55974
18212.1621093750, -101.93751
18224.3686523438, -101.23506
18236.5751953125, -101.71059
18248.7817382813, -101.75718
18260.9882812500, -101.20773
18273.1948242188, -101.41339
18285.4013671875, -102.35144
18297.6079101563, -101.84778
18309.8144531250, -101.70014
18322.0209960938, -100.98191
18334.2275390625, -101.39153
18346.4340820313, -101.85164
18358.6406250000, -101.86047
18370.8471679688, -102.01791
18383.0537109375, -101.26304
18395.2602539063, -101.78401
18407.4667968750, -101.12102
18419.6733398438, -100.28844
18431.8798828125, -102.26796
18444.0864257813, -101.50315
18456.2929687500, -100.85438
18468.4995117188, -101.71808
18480.7060546875, -101.78919
18492.9125976563, -102.12003
18505.1191406250, -102.10677
18517.3256835938, -101.79076
18529.5322265625, -101.67584
18541.7387695313, -101.77717
18553.9453125000, -101.35633
18566.1518554688, -101.56895
18578.3583984375, -102.03646
18590.5649414063, -102.37116
18602.7714843750, -102.78584
18614.9780273438, -102.58117
18627.1845703125, -102.28856
18639.3911132813, -102.28684
18651.5976562500, -102.69773
18663.8041992188, -101.30230
18676.0107421875, -101.73468
18688.2172851563, -100.79872
18700.4238281250, -102.02503
18712.6303710938, -101.49392
18724.8369140625, -102.96592
18737.0434570313, -102.02921
18749.2500000000, -102.23556
18761.4565429688, -101.84596
18773.6630859375, -102.33157
18785.8696289063, -101.96170
18798.0761718750, -102.02676
18810.2827148438, -101.92535
18822.4892578125, -101.99154
18834.6958007813, -102.41646
18846.9023437500, -102.15770
18859.1088867188, -102.11198
18871.3154296875, -100.78612
18883.5219726563, -102.14084
18895.7285156250, -102.49049
18907.9350585938, -102.68823
18920.1416015625, -102.57376
18932.3481445313, -102.52530
18944.5546875000, -101.90265
18956.7612304688, -102.10500
18968.9677734375, -103.75596
18981.1743164063, -103.98128
18993.3808593750, -102.74387
19005.5874023438, -102.19901
19017.7939453125, -102.61777
19030.0004882813, -102.01884
19042.2070312500, -102.31425
19054.4135742188, -102.74992
19066.6201171875, -102.89174
19078.8266601563, -102.29560
19091.0332031250, -102.29181
19103.2397460938, -101.64315
19115.4462890625, -102.95463
19127.6528320313, -103.16028
19139.8593750000, -102.97414
19152.0659179688, -102.36097
19164.2724609375, -102.37251
19176.4790039063, -103.02320
19188.6855468750, -101.55425
19200.8920898438, -101.42825
19213.0986328125, -102.39680
19225.3051757813, -102.46318
19237.5117187500, -102.38284
19249.7182617188, -101.69270
19261.9248046875, -102.10560
19274.1313476563, -102.67148
19286.3378906250, -102.41563
19298.5444335938, -102.48020
19310.7509765625, -102.05184
19322.9575195313, -103.06981
19335.1640625000, -102.08635
19347.3706054688, -102.92640
19359.5771484375, -101.95244
19371.7836914063, -102.58875
19383.9902343750, -102.93451
19396.1967773438, -102.69382
19408.4033203125, -103.28770
19420.6098632813, -103.12320
19432.8164062500, -102.73130
19445.0229492188, -102.96836
19457.2294921875, -102.06154
19469.4360351563, -102.14721
19481.6425781250, -102.26626
19493.8491210938, -103.14213
19506.0556640625, -102.69528
19518.2622070313, -102.34447
19530.4687500000, -101.84219
19542.6752929688, -101.99313
19554.8818359375, -102.77203
19567.0883789063, -103.04446
19579.2949218750, -103.04864
19591.5014648438, -102.84038
19603.7080078125, -103.42002
19615.9145507813, -102.48348
19628.1210937500, -102.93077
19640.3276367188, -103.35396
19652.5341796875, -102.60422
19664.7407226563, -102.52502
19676.9472656250, -102.93162
19689.1538085938, -103.19724
19701.3603515625, -103.86627
19713.5668945313, -103.31897
19725.7734375000, -102.66531
19737.9799804688, -103.26602
19750.1865234375, -103.44398
19762.3930664063, -103.66813
19774.5996093750, -103.20131
19786.8061523438, -103.75989
19799.0126953125, -102.40734
19811.2192382813, -102.54434
19823.4257812500, -102.04479
19835.6323242188, -102.94934
19847.8388671875, -103.44747
19860.0454101563, -103.20521
19872.2519531250, -102.48036
19884.4584960938, -102.05731
19896.6650390625, -102.42234
19908.8715820313, -102.54284
19921.0781250000, -102.17926
19933.2846679688, -102.78232
19945.4912109375, -102.70374
19957.6977539063, -102.87499
19969.9042968750, -102.62602
19982.1108398438, -102.97931
19994.3173828125, -103.40507
20006.5239257813, -102.45238
20018.7304687500, -102.06192
20030.9370117188, -102.49212
20043.1435546875, -102.98075
20055.3500976563, -103.34540
20067.5566406250, -103.12459
20079.7631835938, -103.05892
20091.9697265625, -102.61570
20104.1762695313, -102.52036
20116.3828125000, -102.78785
20128.5893554688, -102.81627
20140.7958984375, -102.29937
20153.0024414063, -102.33530
20165.2089843750, -102.42735
20177.4155273438, -102.07713
20189.6220703125, -102.94333
20201.8286132813, -103.18809
20214.0351562500, -102.16898
20226.2416992188, -102.44516
20238.4482421875, -102.76378
20250.6547851563, -103.06834
20262.8613281250, -102.80333
20275.0678710938, -102.78251
20287.2744140625, -102.63831
20299.4809570313, -102.70331
20311.6875000000, -102.23880
20323.8940429688, -102.97749
20336.1005859375, -103.61490
20348.3071289063, -102.60162
20360.5136718750, -102.23666
20372.7202148438, -102.57727
20384.9267578125, -102.70609
20397.1333007813, -102.19208
20409.3398437500, -102.25225
20421.5463867188, -103.11617
20433.7529296875, -103.05907
20445.9594726563, -102.51377
20458.1660156250, -102.37996
20470.3725585938, -103.09020
20482.5791015625, -102.61044
20494.7856445313, -103.37641
20506.9921875000, -103.31829
20519.1987304688, -102.25931
20531.4052734375, -101.98305
20543.6118164063, -102.17568
20555.8183593750, -103.23949
20568.0249023438, -103.14563
20580.2314453125, -103.47020
20592.4379882813, -103.14074
20604.6445312500, -103.19374
20616.8510742188, -103.51314
20629.0576171875, -102.81798
20641.2641601563, -102.70659
20653.4707031250, -102.81726
20665.6772460938, -103.05558
20677.8837890625, -103.41156
20690.0903320313, -103.01078
20702.2968750000, -103.55731
20714.5034179688, -102.50384
20726.7099609375, -103.50797
20738.9165039063, -101.91951
20751.1230468750, -103.33895
20763.3295898438, -102.97914
20775.5361328125, -103.06700
20787.7426757813, -103.56646
20799.9492187500, -102.84409
20812.1557617188, -102.34700
20824.3623046875, -102.70891
20836.5688476563, -102.20215
20848.7753906250, -102.48879
20860.9819335938, -102.88420
20873.1884765625, -102.26772
20885.3950195313, -102.84409
20897.6015625000, -104.17430
20909.8081054688, -103.74538
20922.0146484375, -102.69736
20934.2211914063, -102.16265
20946.4277343750, -103.37490
20958.6342773438, -103.51537
20970.8408203125, -103.32694
20983.0473632813, -104.16229
20995.2539062500, -103.26161
21007.4604492188, -103.81672
21019.6669921875, -103.41950
21031.8735351563, -103.11823
21044.0800781250, -101.71837
21056.2866210938, -103.42077
21068.4931640625, -102.27544
21080.6997070313, -102.38696
21092.9062500000, -102.03538
21105.1127929688, -102.94807
21117.3193359375, -103.08940
21129.5258789063, -103.77830
21141.7324218750, -102.07826
21153.9389648438, -101.76794
21166.1455078125, -102.51877
21178.3520507813, -103.03341
21190.5585937500, -102.99910
21202.7651367188, -103.37095
21214.9716796875, -103.91260
21227.1782226563, -103.83009
21239.3847656250, -103.29688
21251.5913085938, -102.24587
21263.7978515625, -102.66841
21276.0043945313, -102.96917
21288.2109375000, -103.64505
21300.4174804688, -103.21593
21312.6240234375, -102.88556
21324.8305664063, -103.02072
21337.0371093750, -103.05236
21349.2436523438, -103.19125
21361.4501953125, -102.60936
21373.6567382813, -102.69831
21385.8632812500, -104.48438
21398.0698242188, -103.02000
21410.2763671875, -102.81519
21422.4829101563, -103.21518
21434.6894531250, -102.37968
21446.8959960938, -103.70962
21459.1025390625, -103.78930
21471.3090820313, -102.61405
21483.5156250000, -103.15944
21495.7221679688, -102.68626
21507.9287109375, -103.12548
21520.1352539063, -102.69954
21532.3417968750, -103.66839
21544.5483398438, -102.83950
21556.7548828125, -102.97102
21568.9614257813, -103.27649
21581.1679687500, -103.08324
21593.3745117188, -102.86246
21605.5810546875, -103.90923
21617.7875976563, -102.43426
21629.9941406250, -101.78914
21642.2006835938, -102.55671
21654.4072265625, -103.41757
21666.6137695313, -102.63993
21678.8203125000, -102.87309
21691.0268554688, -103.07393
21703.2333984375, -102.77168
21715.4399414063, -103.50215
21727.6464843750, -103.10538
21739.8530273438, -103.09554
21752.0595703125, -102.63595
21764.2661132813, -102.70691
21776.4726562500, -103.65057
21788.6791992188, -103.01602
21800.8857421875, -102.82382
21813.0922851563, -102.66367
21825.2988281250, -102.86607
21837.5053710938, -103.80127
21849.7119140625, -102.67668
21861.9184570313, -102.75394
21874.1250000000, -102.00199
21886.3315429688, -102.17116
21898.5380859375, -103.13334
21910.7446289063, -102.96697
21922.9511718750, -103.46129
21935.1577148438, -103.40626
21947.3642578125, -103.14575
21959.5708007813, -102.74218
21971.7773437500, -102.09681
21983.9838867188, -103.36859
21996.1904296875, -101.80448
22008.3969726563, -102.26834
22020.6035156250, -103.06311
22032.8100585938, -103.64146
22045.0166015625, -103.06963
22057.2231445313, -102.43800
22069.4296875000, -102.72087
22081.6362304688, -103.49101
22093.8427734375, -103.32779
22106.0493164063, -102.91318
22118.2558593750, -103.03239
22130.4624023438, -104.14909
22142.6689453125, -103.35547
22154.8754882813, -102.94644
22167.0820312500, -102.12112
22179.2885742188, -102.58432
22191.4951171875, -103.57331
22203.7016601563, -103.63248
22215.9082031250, -103.79628
22228.1147460938, -102.79011
22240.3212890625, -102.43583
22252.5278320313, -103.84744
22264.7343750000, -102.10399
22276.9409179688, -102.54007
22289.1474609375, -104.15768
22301.3540039063, -104.00780
22313.5605468750, -102.76000
22325.7670898438, -101.88665
22337.9736328125, -101.79617
22350.1801757813, -101.74850
22362.3867187500, -102.48395
22374.5932617188, -102.67834
22386.7998046875, -102.75652
22399.0063476563, -102.21604
22411.2128906250, -102.77767
22423.4194335938, -102.09321
22435.6259765625, -102.94925
22447.8325195313, -103.34961
22460.0390625000, -103.51429
22472.2456054688, -103.04582
22484.4521484375, -102.82183
22496.6586914063, -102.96058
22508.8652343750, -103.23805
22521.0717773438, -102.13809
22533.2783203125, -103.78263
22545.4848632813, -103.22306
22557.6914062500, -103.40126
22569.8979492188, -102.35403
22582.1044921875, -102.81739
22594.3110351563, -102.89104
22606.5175781250, -103.73910
22618.7241210938, -103.43216
22630.9306640625, -102.79448
22643.1372070313, -103.17767
22655.3437500000, -103.37994
22667.5502929688, -102.57359
22679.7568359375, -103.10580
22691.9633789063, -103.40212
22704.1699218750, -103.90758
22716.3764648438, -103.83066
22728.5830078125, -103.52292
22740.7895507813, -102.37656
22752.9960937500, -102.60964
22765.2026367188, -103.20607
22777.4091796875, -103.28216
22789.6157226563, -102.75523
22801.8222656250, -103.67270
22814.0288085938, -102.16787
22826.2353515625, -102.82999
22838.4418945313, -102.65258
22850.6484375000, -102.04048
22862.8549804688, -102.78590
22875.0615234375, -102.60007
22887.2680664063, -102.28335
22899.4746093750, -103.33666
22911.6811523438, -102.84999
22923.8876953125, -104.42789
22936.0942382813, -103.62714
22948.3007812500, -103.16829
22960.5073242188, -102.82100
22972.7138671875, -103.61600
22984.9204101563, -103.58623
22997.1269531250, -103.24725
23009.3334960938, -103.00663
23021.5400390625, -102.84132
23033.7465820313, -103.46336
23045.9531250000, -102.10115
23058.1596679688, -103.84184
23070.3662109375, -103.44772
23082.5727539063, -103.30031
23094.7792968750, -102.73034
23106.9858398438, -101.93498
23119.1923828125, -103.03401
23131.3989257813, -102.75824
23143.6054687500, -103.43597
23155.8120117188, -103.27243
23168.0185546875, -104.07318
23180.2250976563, -103.62452
23192.4316406250, -103.69010
23204.6381835938, -103.87119
23216.8447265625, -103.34167
23229.0512695313, -102.68414
23241.2578125000, -103.31683
23253.4643554688, -103.46474
23265.6708984375, -104.03169
23277.8774414063, -104.10205
23290.0839843750, -103.45914
23302.2905273438, -104.24565
23314.4970703125, -103.96762
23326.7036132813, -102.78277
23338.9101562500, -102.11538
23351.1166992188, -102.00563
23363.3232421875, -101.97137
23375.5297851563, -103.63276
23387.7363281250, -103.02917
23399.9428710938, -102.62510
23412.1494140625, -102.50143
23424.3559570313, -102.62931
23436.5625000000, -102.95126
23448.7690429688, -102.32214
23460.9755859375, -103.14692
23473.1821289063, -102.83196
23485.3886718750, -103.27486
23497.5952148438, -102.31018
23509.8017578125, -104.03589
23522.0083007813, -103.50290
23534.2148437500, -103.20180
23546.4213867188, -103.21667
23558.6279296875, -103.18109
23570.8344726563, -102.02862
23583.0410156250, -103.89457
23595.2475585938, -102.59472
23607.4541015625, -102.89929
23619.6606445313, -103.39915
23631.8671875000, -104.07207
23644.0737304688, -103.73181
23656.2802734375, -103.16266
23668.4868164063, -102.86109
23680.6933593750, -102.90733
23692.8999023438, -103.63682
23705.1064453125, -103.47816
23717.3129882813, -103.55869
23729.5195312500, -102.74115
23741.7260742188, -103.09765
23753.9326171875, -103.02601
23766.1391601563, -103.55197
23778.3457031250, -103.77461
23790.5522460938, -104.37326
23802.7587890625, -103.52036
23814.9653320313, -103.18995
23827.1718750000, -102.05756
23839.3784179688, -103.25548
23851.5849609375, -102.30707
23863.7915039063, -102.83229
23875.9980468750, -103.10265
23888.2045898438, -103.46986
23900.4111328125, -103.79333
23912.6176757813, -103.40887
23924.8242187500, -103.34875
23937.0307617188, -103.66380
23949.2373046875, -103.52206
23961.4438476563, -103.23715
23973.6503906250, -103.50929
23985.8569335938, -102.88036
23998.0634765625, -103.42218
24010.2700195313, -102.77575
24022.4765625000, -102.34453
24034.6831054688, -103.03274
24046.8896484375, -102.85771
24059.0961914063, -102.36923
24071.3027343750, -102.54329
24083.5092773438, -103.04767
24095.7158203125, -103.60181
24107.9223632813, -103.26970
24120.1289062500, -103.68062
24132.3354492188, -103.16953
24144.5419921875, -102.45181
24156.7485351563, -103.41027
24168.9550781250, -103.77470
24181.1616210938, -103.42566
24193.3681640625, -103.91577
24205.5747070313, -103.80427
24217.7812500000, -103.03647
24229.9877929688, -102.86989
24242.1943359375, -103.69187
24254.4008789063, -103.38842
24266.6074218750, -102.74834
24278.8139648438, -102.88774
24291.0205078125, -103.03299
24303.2270507813, -102.92380
24315.4335937500, -103.51778
24327.6401367188, -102.80811
24339.8466796875, -103.05516
24352.0532226563, -102.88346
24364.2597656250, -102.58004
24376.4663085938, -103.03742
24388.6728515625, -102.72200
24400.8793945313, -103.08447
24413.0859375000, -102.79146
24425.2924804688, -102.23353
24437.4990234375, -102.64989
24449.7055664063, -103.42590
24461.9121093750, -103.05363
24474.1186523438, -103.36637
24486.3251953125, -103.66041
24498.5317382813, -103.70125
24510.7382812500, -102.78467
24522.9448242188, -102.93396
24535.1513671875, -101.87338
24547.3579101563, -102.70915
24559.5644531250, -103.28310
24571.7709960938, -103.88112
24583.9775390625, -103.20578
24596.1840820313, -103.25136
24608.3906250000, -103.84781
24620.5971679688, -103.95575
24632.8037109375, -102.91877
24645.0102539063, -102.53594
24657.2167968750, -102.78771
24669.4233398438, -103.47580
24681.6298828125, -102.91944
24693.8364257813, -102.66934
24706.0429687500, -101.99870
24718.2495117188, -101.69925
24730.4560546875, -103.58351
24742.6625976563, -103.70382
24754.8691406250, -102.69041
24767.0756835938, -103.53720
24779.2822265625, -102.64773
24791.4887695313, -102.50316
24803.6953125000, -103.10283
24815.9018554688, -102.96831
24828.1083984375, -102.65933
24840.3149414063, -103.25611
24852.5214843750, -103.02165
24864.7280273438, -103.40194
24876.9345703125, -104.11648
24889.1411132813, -103.21028
24901.3476562500, -103.48512
24913.5541992188, -103.31882
24925.7607421875, -103.33264
24937.9672851563, -102.95317
24950.1738281250, -103.15803
24962.3803710938, -102.23281
24974.5869140625, -102.33939
24986.7934570313, -105.55842
