0.0000000000, -49.41039
12.2065429688, -52.11047
24.4130859375, -75.49400
36.6196289063, -73.85571
48.8261718750, -67.46434
61.0327148438, -72.23837
73.2392578125, -81.99334
85.4458007813, -89.75530
97.6523437500, -87.06928
109.8588867188, -89.39371
122.0654296875, -85.44673
134.2719726563, -81.63412
146.4785156250, -73.26643
158.6850585938, -75.78806
170.8916015625, -88.11775
183.0981445313, -92.64335
195.3046875000, -91.62569
207.5112304688, -93.64090
219.7177734375, -91.38689
231.9243164063, -88.28978
244.1308593750, -81.49563
256.3374023438, -81.39450
268.5439453125, -91.52757
280.7504882813, -94.39737
292.9570312500, -93.61529
305.1635742188, -93.08898
317.3701171875, -93.67239
329.5766601563, -92.68604
341.7832031250, -85.24801
353.9897460938, -83.36538
366.1962890625, -92.59147
378.4028320313, -94.87026
390.6093750000, -94.88330
402.8159179688, -95.47825
415.0224609375, -95.24800
427.2290039063, -96.35368
439.4355468750, -90.42539
451.6420898438, -86.23109
463.8486328125, -92.45970
476.0551757813, -95.36549
488.2617187500, -94.87681
500.4682617188, -93.75672
512.6748046875, -93.83995
524.8813476563, -91.11084
537.0878906250, -92.90856
549.2944335938, -92.67580
561.5009765625, -95.20814
573.7075195313, -95.70564
585.9140625000, -94.86255
598.1206054688, -94.33900
610.3271484375, -95.92323
622.5336914063, -96.25070
634.7402343750, -95.45871
646.9467773438, -89.80966
659.1533203125, -91.38244
671.3598632813, -94.31670
683.5664062500, -94.20012
695.7729492188, -95.26829
707.9794921875, -96.00969
720.1860351563, -95.37891
732.3925781250, -93.74137
744.5991210938, -84.54496
756.8056640625, -85.56536
769.0122070313, -94.98012
781.2187500000, -95.68397
793.4252929688, -94.77042
805.6318359375, -96.30210
817.8383789063, -96.78801
830.0449218750, -96.07179
842.2514648438, -93.88891
854.4580078125, -91.10177
866.6645507813, -93.74675
878.8710937500, -95.15931
891.0776367188, -95.15306
903.2841796875, -96.71261
915.4907226563, -96.67612
927.6972656250, -97.34366
939.9038085938, -89.51649
952.1103515625, -85.88399
964.3168945313, -93.34432
976.5234375000, -96.61980
988.7299804688, -97.13853
1000.9365234375, -99.09504
1013.1430664063, -98.51452
1025.3496093750, -97.40073
1037.5561523438, -94.80573
1049.7626953125, -89.95909
1061.9692382813, -95.50117
1074.1757812500, -97.42152
1086.3823242188, -96.95839
1098.5888671875, -96.64782
1110.7954101563, -98.43400
1123.0019531250, -98.91084
1135.2084960938, -94.26018
1147.4150390625, -86.43293
1159.6215820313, -90.27424
1171.8281250000, -97.19227
1184.0346679688, -96.75597
1196.2412109375, -99.53893
1208.4477539063, -99.40879
1220.6542968750, -99.25109
1232.8608398438, -97.68498
1245.0673828125, -89.89913
1257.2739257813, -91.08399
1269.4804687500, -95.54957
1281.6870117188, -99.56172
1293.8935546875, -98.25837
1306.1000976563, -98.56137
1318.3066406250, -98.16588
1330.5131835938, -98.71915
1342.7197265625, -92.85784
1354.9262695313, -92.19164
1367.1328125000, -98.17682
1379.3393554688, -98.51627
1391.5458984375, -98.66074
1403.7524414063, -99.44211
1415.9589843750, -99.47764
1428.1655273438, -98.97731
1440.3720703125, -97.32482
1452.5786132813, -96.17834
1464.7851562500, -99.28718
1476.9916992188, -99.25960
1489.1982421875, -99.53309
1501.4047851563, -98.83146
1513.6113281250, -98.25016
1525.8178710938, -99.96672
1538.0244140625, -97.04093
1550.2309570313, -92.51893
1562.4375000000, -97.77675
1574.6440429688, -99.36852
1586.8505859375, -99.37440
1599.0571289063, -99.67625
1611.2636718750, -99.22691
1623.4702148438, -100.43127
1635.6767578125, -97.82396
1647.8833007813, -91.36712
1660.0898437500, -95.56484
1672.2963867188, -101.22340
1684.5029296875, -100.96583
1696.7094726563, -99.98271
1708.9160156250, -97.67030
1721.1225585938, -98.84553
1733.3291015625, -99.79612
1745.5356445313, -96.93754
1757.7421875000, -97.68763
1769.9487304688, -100.38416
1782.1552734375, -100.51780
1794.3618164063, -101.33714
1806.5683593750, -100.08120
1818.7749023438, -100.25487
1830.9814453125, -100.31729
1843.1879882813, -96.74232
1855.3945312500, -96.94365
1867.6010742188, -101.35417
1879.8076171875, -100.73322
1892.0141601563, -101.58942
1904.2207031250, -99.55359
1916.4272460938, -100.30517
1928.6337890625, -100.55805
1940.8403320313, -99.31802
1953.0468750000, -99.93092
1965.2534179688, -100.19382
1977.4599609375, -100.69816
1989.6665039063, -100.67652
2001.8730468750, -100.28400
2014.0795898438, -101.30025
2026.2861328125, -101.03981
2038.4926757813, -101.24932
2050.6992187500, -99.79350
2062.9057617188, -99.20617
2075.1123046875, -98.80351
2087.3188476563, -100.22325
2099.5253906250, -100.64831
2111.7319335938, -101.36298
2123.9384765625, -101.94789
2136.1450195313, -101.03337
2148.3515625000, -97.95586
2160.5581054688, -99.97465
2172.7646484375, -100.90249
2184.9711914063, -101.64418
2197.1777343750, -101.54929
2209.3842773438, -101.23754
2221.5908203125, -101.13218
2233.7973632813, -100.91978
2246.0039062500, -100.30134
2258.2104492188, -100.59620
2270.4169921875, -99.77646
2282.6235351563, -100.32965
2294.8300781250, -100.96501
2307.0366210938, -101.24551
2319.2431640625, -101.05448
2331.4497070313, -99.92654
2343.6562500000, -98.75772
2355.8627929688, -99.05966
2368.0693359375, -99.81834
2380.2758789063, -101.09619
2392.4824218750, -100.88725
2404.6889648438, -100.26682
2416.8955078125, -100.85166
2429.1020507813, -100.63770
2441.3085937500, -99.35361
2453.5151367188, -100.26175
2465.7216796875, -101.47234
2477.9282226563, -100.90785
2490.1347656250, -100.75960
2502.3413085938, -100.90467
2514.5478515625, -101.92209
2526.7543945313, -99.35586
2538.9609375000, -97.35506
2551.1674804688, -100.35423
2563.3740234375, -100.76521
2575.5805664063, -100.78570
2587.7871093750, -101.58006
2599.9936523438, -101.81077
2612.2001953125, -102.10212
2624.4067382813, -100.15374
2636.6132812500, -99.81202
2648.8198242188, -98.98280
2661.0263671875, -99.14155
2673.2329101563, -101.31395
2685.4394531250, -101.27866
2697.6459960938, -100.60542
2709.8525390625, -101.18837
2722.0590820313, -100.89512
2734.2656250000, -100.83313
2746.4721679688, -102.35459
2758.6787109375, -101.71785
2770.8852539063, -101.14200
2783.0917968750, -101.53262
2795.2983398438, -100.52716
2807.5048828125, -100.68551
2819.7114257813, -101.56577
2831.9179687500, -102.02350
2844.1245117188, -102.08160
2856.3310546875, -100.76694
2868.5375976563, -100.00187
2880.7441406250, -101.82135
2892.9506835938, -102.22864
2905.1572265625, -101.26719
2917.3637695313, -101.56402
2929.5703125000, -100.63385
2941.7768554688, -100.06308
2953.9833984375, -100.29877
2966.1899414063, -101.51607
2978.3964843750, -101.96219
2990.6030273438, -100.93819
3002.8095703125, -101.54071
3015.0161132813, -100.54100
3027.2226562500, -100.55623
3039.4291992188, -100.69097
3051.6357421875, -100.83590
3063.8422851563, -101.75624
3076.0488281250, -102.06139
3088.2553710938, -101.34411
3100.4619140625, -101.53927
3112.6684570313, -101.61332
3124.8750000000, -101.87800
3137.0815429688, -101.61552
3149.2880859375, -100.81234
3161.4946289063, -101.19628
3173.7011718750, -101.14522
3185.9077148438, -100.85471
3198.1142578125, -100.62285
3210.3208007813, -101.87564
3222.5273437500, -101.29457
3234.7338867188, -101.20537
3246.9404296875, -100.34990
3259.1469726563, -101.30083
3271.3535156250, -101.71894
3283.5600585938, -100.66310
3295.7666015625, -101.89953
3307.9731445313, -101.86295
3320.1796875000, -101.80799
3332.3862304688, -101.73020
3344.5927734375, -101.80461
3356.7993164063, -101.20597
3369.0058593750, -102.20598
3381.2124023438, -101.60724
3393.4189453125, -101.16876
3405.6254882813, -101.36454
3417.8320312500, -101.91664
3430.0385742188, -101.43680
3442.2451171875, -100.61480
3454.4516601563, -99.64122
3466.6582031250, -101.54665
3478.8647460938, -101.57290
3491.0712890625, -101.92171
3503.2778320313, -102.45691
3515.4843750000, -101.98912
3527.6909179688, -101.91038
3539.8974609375, -100.83981
3552.1040039063, -100.24793
3564.3105468750, -101.13827
3576.5170898438, -101.93651
3588.7236328125, -100.51116
3600.9301757813, -101.30152
3613.1367187500, -101.88738
3625.3432617188, -101.66397
3637.5498046875, -101.23213
3649.7563476563, -101.72042
3661.9628906250, -101.65652
3674.1694335938, -101.60807
3686.3759765625, -100.75117
3698.5825195313, -100.86289
3710.7890625000, -100.36990
3722.9956054688, -101.87036
3735.2021484375, -101.06393
3747.4086914063, -100.86043
3759.6152343750, -101.36317
3771.8217773438, -101.87357
3784.0283203125, -102.21032
3796.2348632813, -99.69535
3808.4414062500, -97.41262
3820.6479492188, -101.85997
3832.8544921875, -102.75349
3845.0610351563, -101.44002
3857.2675781250, -102.18738
3869.4741210938, -103.02729
3881.6806640625, -102.91822
3893.8872070313, -102.50182
3906.0937500000, -102.21065
3918.3002929688, -101.61700
3930.5068359375, -101.29159
3942.7133789063, -101.74141
3954.9199218750, -101.80911
3967.1264648438, -101.01965
3979.3330078125, -101.09244
3991.5395507813, -102.58660
4003.7460937500, -101.55956
4015.9526367188, -101.07387
4028.1591796875, -101.79943
4040.3657226563, -101.96654
4052.5722656250, -102.17218
4064.7788085938, -102.06472
4076.9853515625, -101.67834
4089.1918945313, -101.52232
4101.3984375000, -101.04792
4113.6049804688, -100.57448
4125.8115234375, -101.42310
4138.0180664063, -102.29081
4150.2246093750, -102.85246
4162.4311523438, -102.46178
4174.6376953125, -102.24132
4186.8442382813, -102.01604
4199.0507812500, -102.31739
4211.2573242188, -101.56538
4223.4638671875, -101.30264
4235.6704101563, -101.72133
4247.8769531250, -102.09107
4260.0834960938, -102.29450
4272.2900390625, -102.89443
4284.4965820313, -100.80394
4296.7031250000, -101.25147
4308.9096679688, -101.20370
4321.1162109375, -102.81741
4333.3227539063, -101.71013
4345.5292968750, -101.28749
4357.7358398438, -101.55713
4369.9423828125, -102.23900
4382.1489257813, -101.79879
4394.3554687500, -102.16892
4406.5620117188, -100.95552
4418.7685546875, -101.65221
4430.9750976563, -101.29467
4443.1816406250, -101.58744
4455.3881835938, -102.51427
4467.5947265625, -103.03796
4479.8012695313, -102.00047
4492.0078125000, -101.34606
4504.2143554688, -101.79183
4516.4208984375, -102.20083
4528.6274414063, -103.86022
4540.8339843750, -102.54912
4553.0405273438, -102.50441
4565.2470703125, -101.91644
4577.4536132813, -102.05051
4589.6601562500, -102.45036
4601.8666992188, -101.23009
4614.0732421875, -101.75350
4626.2797851563, -101.66082
4638.4863281250, -101.73447
4650.6928710938, -101.52981
4662.8994140625, -102.23553
4675.1059570313, -101.59533
4687.3125000000, -103.29654
4699.5190429688, -102.93029
4711.7255859375, -101.59829
4723.9321289063, -101.39576
4736.1386718750, -102.25136
4748.3452148438, -101.93038
4760.5517578125, -102.33907
4772.7583007813, -101.48629
4784.9648437500, -101.94706
4797.1713867188, -102.09353
4809.3779296875, -102.77162
4821.5844726563, -102.96949
4833.7910156250, -101.98944
4845.9975585938, -101.07467
4858.2041015625, -101.95559
4870.4106445313, -102.79445
4882.6171875000, -102.33737
4894.8237304688, -101.75826
4907.0302734375, -101.86805
4919.2368164063, -102.16284
4931.4433593750, -101.39785
4943.6499023438, -101.03554
4955.8564453125, -101.85594
4968.0629882813, -101.87017
4980.2695312500, -101.63258
4992.4760742188, -101.45103
5004.6826171875, -102.05292
5016.8891601563, -100.73707
5029.0957031250, -102.29484
5041.3022460938, -102.37256
5053.5087890625, -101.70034
5065.7153320313, -99.24654
5077.9218750000, -97.02816
5090.1284179688, -101.30341
5102.3349609375, -101.96357
5114.5415039063, -101.09970
5126.7480468750, -100.82387
5138.9545898438, -101.60281
5151.1611328125, -102.17386
5163.3676757813, -102.09031
5175.5742187500, -101.73759
5187.7807617188, -102.89629
5199.9873046875, -102.27243
5212.1938476563, -102.25825
5224.4003906250, -102.33046
5236.6069335938, -101.39096
5248.8134765625, -102.30104
5261.0200195313, -102.78342
5273.2265625000, -101.60427
5285.4331054688, -101.60670
5297.6396484375, -102.17959
5309.8461914063, -102.09469
5322.0527343750, -102.19301
5334.2592773438, -102.00388
5346.4658203125, -101.77636
5358.6723632813, -101.07317
5370.8789062500, -101.67700
5383.0854492188, -101.98116
5395.2919921875, -103.08734
5407.4985351563, -102.54382
5419.7050781250, -102.85626
5431.9116210938, -102.36532
5444.1181640625, -101.71423
5456.3247070313, -102.01389
5468.5312500000, -102.33449
5480.7377929688, -102.65490
5492.9443359375, -101.53784
5505.1508789063, -101.94462
5517.3574218750, -103.53154
5529.5639648438, -102.47836
5541.7705078125, -101.83452
5553.9770507813, -101.35715
5566.1835937500, -102.00975
5578.3901367188, -101.76775
5590.5966796875, -102.63573
5602.8032226563, -101.89763
5615.0097656250, -102.27294
5627.2163085938, -102.76770
5639.4228515625, -102.60575
5651.6293945313, -102.15542
5663.8359375000, -101.72787
5676.0424804688, -102.01485
5688.2490234375, -103.18655
5700.4555664063, -101.73400
5712.6621093750, -101.21197
5724.8686523438, -101.78964
5737.0751953125, -102.33279
5749.2817382813, -101.50281
5761.4882812500, -101.74578
5773.6948242188, -101.38747
5785.9013671875, -102.25408
5798.1079101563, -102.72510
5810.3144531250, -102.06813
5822.5209960938, -102.34871
5834.7275390625, -102.26788
5846.9340820313, -101.85350
5859.1406250000, -102.36898
5871.3471679688, -102.73462
5883.5537109375, -102.07500
5895.7602539063, -102.52484
5907.9667968750, -103.18991
5920.1733398438, -102.08140
5932.3798828125, -101.85378
5944.5864257813, -103.02487
5956.7929687500, -102.51010
5968.9995117188, -101.54902
5981.2060546875, -102.54493
5993.4125976563, -102.40089
6005.6191406250, -102.58419
6017.8256835938, -102.42226
6030.0322265625, -100.53173
6042.2387695313, -101.37444
6054.4453125000, -101.72076
6066.6518554688, -102.58219
6078.8583984375, -103.17335
6091.0649414063, -102.71947
6103.2714843750, -103.03685
6115.4780273438, -103.04925
6127.6845703125, -103.58769
6139.8911132813, -102.06073
6152.0976562500, -101.26147
6164.3041992188, -102.21303
6176.5107421875, -103.07696
6188.7172851563, -102.16954
6200.9238281250, -102.07946
6213.1303710938, -103.04535
6225.3369140625, -102.12881
6237.5434570313, -101.77656
6249.7500000000, -101.94956
6261.9565429688, -101.46177
6274.1630859375, -102.36851
6286.3696289063, -102.69549
6298.5761718750, -102.66729
6310.7827148438, -102.31432
6322.9892578125, -101.76859
6335.1958007813, -98.93661
6347.4023437500, -97.42480
6359.6088867188, -100.86924
6371.8154296875, -102.89589
6384.0219726563, -102.50617
6396.2285156250, -103.05451
6408.4350585938, -102.46818
6420.6416015625, -101.45200
6432.8481445313, -102.11736
6445.0546875000, -101.91103
6457.2612304688, -102.63665
6469.4677734375, -101.85438
6481.6743164063, -102.21456
6493.8808593750, -102.64674
6506.0874023438, -103.56331
6518.2939453125, -103.20988
6530.5004882813, -102.35388
6542.7070312500, -101.87064
6554.9135742188, -102.04513
6567.1201171875, -102.67537
6579.3266601563, -102.81901
6591.5332031250, -102.80303
6603.7397460938, -103.80329
6615.9462890625, -103.12720
6628.1528320313, -101.48252
6640.3593750000, -102.48351
6652.5659179688, -102.94189
6664.7724609375, -101.42187
6676.9790039063, -101.51745
6689.1855468750, -101.49097
6701.3920898438, -102.30789
6713.5986328125, -102.87045
6725.8051757813, -103.32923
6738.0117187500, -103.24615
6750.2182617188, -102.25282
6762.4248046875, -101.76238
6774.6313476563, -101.82821
6786.8378906250, -102.66223
6799.0444335938, -101.40522
6811.2509765625, -100.73542
6823.4575195313, -98.62108
6835.6640625000, -100.48959
6847.8706054688, -103.59086
6860.0771484375, -101.54094
6872.2836914063, -101.52107
6884.4902343750, -102.47959
6896.6967773438, -102.07752
6908.9033203125, -101.66801
6921.1098632813, -102.02866
6933.3164062500, -102.39618
6945.5229492188, -101.39096
6957.7294921875, -101.12803
6969.9360351563, -102.29246
6982.1425781250, -102.04994
6994.3491210938, -101.05718
7006.5556640625, -101.96180
7018.7622070313, -101.95656
7030.9687500000, -102.91261
7043.1752929688, -102.20153
7055.3818359375, -102.44917
7067.5883789063, -102.21186
7079.7949218750, -102.71825
7092.0014648438, -102.79588
7104.2080078125, -102.88976
7116.4145507813, -102.26413
7128.6210937500, -100.97634
7140.8276367188, -102.08080
7153.0341796875, -102.69370
7165.2407226563, -102.15553
7177.4472656250, -101.02727
7189.6538085938, -101.82670
7201.8603515625, -103.01429
7214.0668945313, -102.30165
7226.2734375000, -102.75619
7238.4799804688, -101.75572
7250.6865234375, -102.24051
7262.8930664063, -102.03872
7275.0996093750, -101.79161
7287.3061523438, -101.21085
7299.5126953125, -102.14556
7311.7192382813, -101.63533
7323.9257812500, -101.93609
7336.1323242188, -102.11009
7348.3388671875, -103.04459
7360.5454101563, -100.90815
7372.7519531250, -102.79454
7384.9584960938, -103.22479
7397.1650390625, -101.92639
7409.3715820313, -102.34630
7421.5781250000, -103.05133
7433.7846679688, -101.70280
7445.9912109375, -101.89146
7458.1977539063, -102.76909
7470.4042968750, -102.97346
7482.6108398438, -102.08497
7494.8173828125, -101.95762
7507.0239257813, -102.27832
7519.2304687500, -102.10260
7531.4370117188, -102.13463
7543.6435546875, -101.20234
7555.8500976563, -102.01761
7568.0566406250, -102.55457
7580.2631835938, -102.52177
7592.4697265625, -101.75374
7604.6762695313, -98.15772
7616.8828125000, -98.19604
7629.0893554688, -102.26699
7641.2958984375, -101.36765
7653.5024414063, -101.37277
7665.7089843750, -102.13314
7677.9155273438, -102.50692
7690.1220703125, -103.62499
7702.3286132813, -101.89578
7714.5351562500, -101.75486
7726.7416992188, -101.29310
7738.9482421875, -102.22846
7751.1547851563, -102.26010
7763.3613281250, -102.84298
7775.5678710938, -102.89657
7787.7744140625, -102.27597
7799.9809570313, -101.39037
7812.1875000000, -101.28678
7824.3940429688, -102.66130
7836.6005859375, -101.97450
7848.8071289063, -102.36168
7861.0136718750, -102.76943
7873.2202148438, -102.53888
7885.4267578125, -101.68121
7897.6333007813, -102.27950
7909.8398437500, -102.34982
7922.0463867188, -102.32868
7934.2529296875, -101.48623
7946.4594726563, -102.49846
7958.6660156250, -102.49217
7970.8725585938, -102.92691
7983.0791015625, -102.72377
7995.2856445313, -102.88039
8007.4921875000, -102.47427
8019.6987304688, -102.25774
8031.9052734375, -101.70521
8044.1118164063, -101.66121
8056.3183593750, -101.68087
8068.5249023438, -102.20792
8080.7314453125, -101.36942
8092.9379882813, -101.18766
8105.1445312500, -102.10415
8117.3510742188, -103.02719
8129.5576171875, -102.65216
8141.7641601563, -102.67424
8153.9707031250, -102.59528
8166.1772460938, -101.74115
8178.3837890625, -102.11131
8190.5903320313, -102.78229
8202.7968750000, -102.78322
8215.0034179688, -103.21125
8227.2099609375, -102.37719
8239.4165039063, -102.22974
8251.6230468750, -101.98381
8263.8295898438, -101.78138
8276.0361328125, -102.89456
8288.2426757813, -102.12837
8300.4492187500, -102.34523
8312.6557617188, -102.00493
8324.8623046875, -102.92314
8337.0688476563, -103.02689
8349.2753906250, -102.46311
8361.4819335938, -102.69338
8373.6884765625, -101.98440
8385.8950195313, -102.75635
8398.1015625000, -102.18690
8410.3081054688, -102.10529
8422.5146484375, -101.61342
8434.7211914063, -101.53447
8446.9277343750, -101.82211
8459.1342773438, -101.81006
8471.3408203125, -102.66268
8483.5473632813, -101.65481
8495.7539062500, -101.23938
8507.9604492188, -101.88123
8520.1669921875, -102.01717
8532.3735351563, -101.39695
8544.5800781250, -102.47799
8556.7866210938, -102.66650
8568.9931640625, -101.81483
8581.1997070313, -101.48733
8593.4062500000, -102.14954
8605.6127929688, -103.23528
8617.8193359375, -102.27989
8630.0258789063, -101.67979
8642.2324218750, -101.04692
8654.4389648438, -101.42568
8666.6455078125, -101.97552
8678.8520507813, -102.26785
8691.0585937500, -102.54909
8703.2651367188, -102.75204
8715.4716796875, -103.30512
8727.6782226563, -102.13239
8739.8847656250, -101.95066
8752.0913085938, -103.03044
8764.2978515625, -101.35477
8776.5043945313, -101.57235
8788.7109375000, -101.56490
8800.9174804688, -102.61275
8813.1240234375, -102.26778
8825.3305664063, -102.34388
8837.5371093750, -103.10495
8849.7436523438, -103.57732
8861.9501953125, -102.68088
8874.1567382813, -98.68825
8886.3632812500, -98.58149
8898.5698242188, -101.46454
8910.7763671875, -102.07005
8922.9829101563, -101.06430
8935.1894531250, -102.41621
8947.3959960938, -102.39429
8959.6025390625, -102.94172
8971.8090820313, -102.70470
8984.0156250000, -102.30076
8996.2221679688, -102.04258
9008.4287109375, -101.74818
9020.6352539063, -102.79431
9032.8417968750, -102.41326
9045.0483398438, -102.27750
9057.2548828125, -102.19208
9069.4614257813, -101.81604
9081.6679687500, -102.43475
9093.8745117188, -102.74762
9106.0810546875, -102.59722
9118.2875976563, -103.37026
9130.4941406250, -102.54015
9142.7006835938, -102.34250
9154.9072265625, -101.82842
9167.1137695313, -102.67018
9179.3203125000, -103.31562
9191.5268554688, -102.37654
9203.7333984375, -102.29268
9215.9399414063, -101.62419
9228.1464843750, -102.57400
9240.3530273438, -101.68004
9252.5595703125, -102.42109
9264.7661132813, -102.69822
9276.9726562500, -102.49585
9289.1791992188, -102.34868
9301.3857421875, -102.35846
9313.5922851563, -102.38733
9325.7988281250, -102.08704
9338.0053710938, -101.95337
9350.2119140625, -101.52617
9362.4184570313, -102.13748
9374.6250000000, -102.49211
9386.8315429688, -101.77651
9399.0380859375, -102.60924
9411.2446289063, -102.08910
9423.4511718750, -101.83857
9435.6577148438, -102.04467
9447.8642578125, -101.25193
9460.0708007813, -101.90934
9472.2773437500, -101.87141
9484.4838867188, -101.65098
9496.6904296875, -102.30543
9508.8969726563, -102.16901
9521.1035156250, -102.63133
9533.3100585938, -102.96911
9545.5166015625, -103.16313
9557.7231445313, -102.77390
9569.9296875000, -102.98701
9582.1362304688, -101.93532
9594.3427734375, -102.01372
9606.5493164063, -102.56256
9618.7558593750, -102.12239
9630.9624023438, -103.08886
9643.1689453125, -103.12122
9655.3754882813, -101.87489
9667.5820312500, -101.48994
9679.7885742188, -101.68824
9691.9951171875, -102.40989
9704.2016601563, -102.19921
9716.4082031250, -102.72832
9728.6147460938, -102.76507
9740.8212890625, -101.07443
9753.0278320313, -101.28805
9765.2343750000, -101.23301
9777.4409179688, -102.00687
9789.6474609375, -102.75190
9801.8540039063, -102.19853
9814.0605468750, -102.53511
9826.2670898438, -102.83574
9838.4736328125, -102.55719
9850.6801757813, -102.05310
9862.8867187500, -102.06141
9875.0932617188, -101.75294
9887.2998046875, -102.30401
9899.5063476563, -102.09930
9911.7128906250, -101.94822
9923.9194335938, -102.39397
9936.1259765625, -102.71600
9948.3325195313, -102.43639
9960.5390625000, -103.50714
9972.7456054688, -103.00072
9984.9521484375, -102.87398
9997.1586914063, -101.96181
10009.3652343750, -102.45164
10021.5717773438, -102.74319
10033.7783203125, -102.38878
10045.9848632813, -101.97113
10058.1914062500, -103.55359
10070.3979492188, -102.45101
10082.6044921875, -102.95680
10094.8110351563, -102.25112
10107.0175781250, -102.57260
10119.2241210938, -103.32029
10131.4306640625, -101.54983
10143.6372070313, -99.44379
10155.8437500000, -98.92157
10168.0502929688, -102.99303
10180.2568359375, -102.71854
10192.4633789063, -101.34225
10204.6699218750, -102.16381
10216.8764648438, -103.06520
10229.0830078125, -103.12634
10241.2895507813, -102.06819
10253.4960937500, -101.42645
10265.7026367188, -102.08954
10277.9091796875, -102.28553
10290.1157226563, -102.98263
10302.3222656250, -102.31516
10314.5288085938, -101.56128
10326.7353515625, -101.51405
10338.9418945313, -102.07222
10351.1484375000, -103.45743
10363.3549804688, -102.46157
10375.5615234375, -102.33257
10387.7680664063, -101.66376
10399.9746093750, -102.28335
10412.1811523438, -102.12822
10424.3876953125, -102.06840
10436.5942382813, -101.65392
10448.8007812500, -102.22345
10461.0073242188, -102.92076
10473.2138671875, -102.26177
10485.4204101563, -101.45314
10497.6269531250, -102.53803
10509.8334960938, -102.45328
10522.0400390625, -102.13658
10534.2465820313, -101.97031
10546.4531250000, -102.41189
10558.6596679688, -102.22736
10570.8662109375, -101.92381
10583.0727539063, -102.29869
10595.2792968750, -103.37181
10607.4858398438, -101.77574
10619.6923828125, -102.41617
10631.8989257813, -102.57174
10644.1054687500, -103.14114
10656.3120117188, -102.53764
10668.5185546875, -102.42127
10680.7250976563, -102.48635
10692.9316406250, -102.54463
10705.1381835938, -102.64831
10717.3447265625, -102.24717
10729.5512695313, -102.50758
10741.7578125000, -102.46509
10753.9643554688, -102.72074
10766.1708984375, -102.80017
10778.3774414063, -102.28280
10790.5839843750, -103.35604
10802.7905273438, -103.54771
10814.9970703125, -103.32131
10827.2036132813, -102.54486
10839.4101562500, -102.50602
10851.6166992188, -101.90089
10863.8232421875, -102.58512
10876.0297851563, -101.37516
10888.2363281250, -102.89862
10900.4428710938, -102.37738
10912.6494140625, -102.03152
10924.8559570313, -101.82913
10937.0625000000, -102.28421
10949.2690429688, -103.29997
10961.4755859375, -103.03890
10973.6821289063, -103.48677
10985.8886718750, -103.07105
10998.0952148438, -101.91092
11010.3017578125, -101.60008
11022.5083007813, -102.26306
11034.7148437500, -102.53868
11046.9213867188, -102.79194
11059.1279296875, -102.66092
11071.3344726563, -103.03584
11083.5410156250, -102.37764
11095.7475585938, -101.65321
11107.9541015625, -102.61660
11120.1606445313, -102.04856
11132.3671875000, -101.41183
11144.5737304688, -102.05780
11156.7802734375, -102.04790
11168.9868164063, -102.16792
11181.1933593750, -102.17189
11193.3999023438, -102.31498
11205.6064453125, -102.35880
11217.8129882813, -101.71166
11230.0195312500, -102.05464
11242.2260742188, -102.92973
11254.4326171875, -103.15970
11266.6391601563, -101.87464
11278.8457031250, -102.18286
11291.0522460938, -102.61639
11303.2587890625, -102.74473
11315.4653320313, -102.50916
11327.6718750000, -103.51721
11339.8784179688, -102.69335
11352.0849609375, -102.29936
11364.2915039063, -102.10764
11376.4980468750, -101.90246
11388.7045898438, -102.39975
11400.9111328125, -101.51386
11413.1176757813, -97.72703
11425.3242187500, -98.25271
11437.5307617188, -102.81503
11449.7373046875, -102.56263
11461.9438476563, -102.61266
11474.1503906250, -102.69816
11486.3569335938, -102.47035
11498.5634765625, -101.79363
11510.7700195313, -102.31851
11522.9765625000, -101.97463
11535.1831054688, -102.79492
11547.3896484375, -103.22071
11559.5961914063, -102.77760
11571.8027343750, -102.58466
11584.0092773438, -102.15990
11596.2158203125, -102.55368
11608.4223632813, -101.78190
11620.6289062500, -102.25044
11632.8354492188, -102.28312
11645.0419921875, -102.15700
11657.2485351563, -102.35476
11669.4550781250, -102.31481
11681.6616210938, -102.27552
11693.8681640625, -101.80782
11706.0747070313, -102.46460
11718.2812500000, -102.24724
11730.4877929688, -102.49105
11742.6943359375, -102.78104
11754.9008789063, -102.33633
11767.1074218750, -101.99691
11779.3139648438, -102.87687
11791.5205078125, -101.67626
11803.7270507813, -101.49113
11815.9335937500, -101.76847
11828.1401367188, -102.91195
11840.3466796875, -101.21622
11852.5532226563, -101.78455
11864.7597656250, -102.24501
11876.9663085938, -100.89666
11889.1728515625, -102.05790
11901.3793945313, -101.76403
11913.5859375000, -102.69703
11925.7924804688, -102.09228
11937.9990234375, -102.05981
11950.2055664063, -102.48942
11962.4121093750, -102.87452
11974.6186523438, -103.38492
11986.8251953125, -101.98882
11999.0317382813, -101.30155
12011.2382812500, -101.12778
12023.4448242188, -102.39721
12035.6513671875, -101.67323
12047.8579101563, -100.76485
12060.0644531250, -102.13410
12072.2709960938, -102.74692
12084.4775390625, -103.28753
12096.6840820313, -102.85995
12108.8906250000, -101.94681
12121.0971679688, -102.73351
12133.3037109375, -101.87449
12145.5102539063, -102.26604
12157.7167968750, -102.31025
12169.9233398438, -103.09514
12182.1298828125, -102.86820
12194.3364257813, -102.35305
12206.5429687500, -101.54547
12218.7495117188, -102.44260
12230.9560546875, -103.23660
12243.1625976563, -102.96243
12255.3691406250, -101.64178
12267.5756835938, -101.83093
12279.7822265625, -102.81304
12291.9887695313, -102.90319
12304.1953125000, -103.11651
12316.4018554688, -103.00533
12328.6083984375, -103.04091
12340.8149414063, -101.52217
12353.0214843750, -102.54393
12365.2280273438, -101.71792
12377.4345703125, -101.43722
12389.6411132813, -101.49475
12401.8476562500, -101.99004
12414.0541992188, -101.64795
12426.2607421875, -102.64062
12438.4672851563, -103.17343
12450.6738281250, -102.73737
12462.8803710938, -101.58841
12475.0869140625, -102.01081
12487.2934570313, -101.31964
12499.5000000000, -101.22977
12511.7065429688, -102.34444
12523.9130859375, -102.74014
12536.1196289063, -101.93662
12548.3261718750, -102.58371
12560.5327148438, -102.31093
12572.7392578125, -103.27907
12584.9458007813, -103.18583
12597.1523437500, -102.21395
12609.3588867188, -103.02841
12621.5654296875, -101.86381
12633.7719726563, -101.05154
12645.9785156250, -101.49224
12658.1850585938, -101.67645
12670.3916015625, -101.65991
12682.5981445313, -98.30090
12694.8046875000, -99.33604
12707.0112304688, -101.67480
12719.2177734375, -102.66065
12731.4243164063, -102.53747
12743.6308593750, -102.81573
12755.8374023438, -102.88629
12768.0439453125, -102.63045
12780.2504882813, -103.27708
12792.4570312500, -102.58779
12804.6635742188, -102.26847
12816.8701171875, -102.55188
12829.0766601563, -102.15060
12841.2832031250, -101.03017
12853.4897460938, -102.10415
12865.6962890625, -101.96712
12877.9028320313, -102.54731
12890.1093750000, -101.94786
12902.3159179688, -101.86205
12914.5224609375, -101.89213
12926.7290039063, -102.45277
12938.9355468750, -102.69947
12951.1420898438, -102.12847
12963.3486328125, -101.56582
12975.5551757813, -101.78371
12987.7617187500, -103.12818
12999.9682617188, -103.52985
13012.1748046875, -102.57129
13024.3813476563, -103.01322
13036.5878906250, -102.40867
13048.7944335938, -102.50496
13061.0009765625, -102.05360
13073.2075195313, -102.57090
13085.4140625000, -102.71991
13097.6206054688, -101.42300
13109.8271484375, -101.94049
13122.0336914063, -102.35162
13134.2402343750, -102.85626
13146.4467773438, -102.21910
13158.6533203125, -102.05228
13170.8598632813, -102.39948
13183.0664062500, -103.25708
13195.2729492188, -102.41245
13207.4794921875, -102.12242
13219.6860351563, -101.41530
13231.8925781250, -102.04916
13244.0991210938, -102.20495
13256.3056640625, -102.04904
13268.5122070313, -102.50932
13280.7187500000, -102.40003
13292.9252929688, -102.43432
13305.1318359375, -102.52045
13317.3383789063, -102.21836
13329.5449218750, -102.83898
13341.7514648438, -102.07904
13353.9580078125, -102.46499
13366.1645507813, -101.90660
13378.3710937500, -101.91860
13390.5776367188, -101.73318
13402.7841796875, -102.72767
13414.9907226563, -102.17112
13427.1972656250, -101.67294
13439.4038085938, -102.32727
13451.6103515625, -101.71997
13463.8168945313, -101.45023
13476.0234375000, -101.12571
13488.2299804688, -101.85965
13500.4365234375, -102.79652
13512.6430664063, -102.06472
13524.8496093750, -102.76190
13537.0561523438, -103.08212
13549.2626953125, -102.06634
13561.4692382813, -101.50791
13573.6757812500, -101.83165
13585.8823242188, -102.37691
13598.0888671875, -103.15298
13610.2954101563, -102.34310
13622.5019531250, -102.47000
13634.7084960938, -102.49468
13646.9150390625, -101.94604
13659.1215820313, -103.14424
13671.3281250000, -102.73892
13683.5346679688, -102.45481
13695.7412109375, -102.27489
13707.9477539063, -101.01733
13720.1542968750, -101.54261
13732.3608398438, -101.84171
13744.5673828125, -102.01685
13756.7739257813, -102.15636
13768.9804687500, -102.43955
13781.1870117188, -101.45436
13793.3935546875, -102.40045
13805.6000976563, -102.09389
13817.8066406250, -102.06437
13830.0131835938, -102.25221
13842.2197265625, -101.01019
13854.4262695313, -100.96620
13866.6328125000, -102.20971
13878.8393554688, -101.95700
13891.0458984375, -101.80539
13903.2524414063, -101.88496
13915.4589843750, -102.48181
13927.6655273438, -102.10149
13939.8720703125, -102.10546
13952.0786132813, -96.95725
13964.2851562500, -98.94951
13976.4916992188, -101.27947
13988.6982421875, -101.23596
14000.9047851563, -101.57381
14013.1113281250, -101.90360
14025.3178710938, -101.62173
14037.5244140625, -101.54118
14049.7309570313, -101.23070
14061.9375000000, -101.86078
14074.1440429688, -103.48582
14086.3505859375, -103.01859
14098.5571289063, -102.99597
14110.7636718750, -101.95507
14122.9702148438, -101.61350
14135.1767578125, -100.97833
14147.3833007813, -101.73512
14159.5898437500, -102.27248
14171.7963867188, -102.69487
14184.0029296875, -102.53009
14196.2094726563, -103.00293
14208.4160156250, -103.18665
14220.6225585938, -102.22322
14232.8291015625, -101.83683
14245.0356445313, -101.77661
14257.2421875000, -101.51596
14269.4487304688, -102.56827
14281.6552734375, -101.83599
14293.8618164063, -96.93382
14306.0683593750, -97.39130
14318.2749023438, -102.04978
14330.4814453125, -101.28816
14342.6879882813, -101.47489
14354.8945312500, -102.13485
14367.1010742188, -102.35207
14379.3076171875, -100.62474
14391.5141601563, -101.43002
14403.7207031250, -101.67329
14415.9272460938, -101.47018
14428.1337890625, -101.00196
14440.3403320313, -102.39583
14452.5468750000, -102.18146
14464.7534179688, -101.73144
14476.9599609375, -101.18008
14489.1665039063, -100.99151
14501.3730468750, -100.85407
14513.5795898438, -101.22174
14525.7861328125, -101.47434
14537.9926757813, -102.22651
14550.1992187500, -100.64962
14562.4057617188, -102.20335
14574.6123046875, -101.93676
14586.8188476563, -101.28944
14599.0253906250, -101.86981
14611.2319335938, -101.99553
14623.4384765625, -102.28019
14635.6450195313, -100.86629
14647.8515625000, -101.77767
14660.0581054688, -102.22176
14672.2646484375, -101.22241
14684.4711914063, -100.87088
14696.6777343750, -101.42713
14708.8842773438, -101.52666
14721.0908203125, -101.87076
14733.2973632813, -101.85422
14745.5039062500, -100.69442
14757.7104492188, -100.65687
14769.9169921875, -100.85893
14782.1235351563, -101.00003
14794.3300781250, -101.78697
14806.5366210938, -101.46196
14818.7431640625, -101.13159
14830.9497070313, -100.80371
14843.1562500000, -101.00959
14855.3627929688, -101.39000
14867.5693359375, -101.31828
14879.7758789063, -100.86463
14891.9824218750, -101.20383
14904.1889648438, -101.42556
14916.3955078125, -101.32551
14928.6020507813, -101.76368
14940.8085937500, -101.71734
14953.0151367188, -101.60470
14965.2216796875, -101.05323
14977.4282226563, -101.54548
14989.6347656250, -101.17347
15001.8413085938, -100.57949
15014.0478515625, -100.61916
15026.2543945313, -101.14839
15038.4609375000, -101.45171
15050.6674804688, -100.40765
15062.8740234375, -100.43634
15075.0805664063, -101.40028
15087.2871093750, -100.32567
15099.4936523438, -100.90645
15111.7001953125, -101.83997
15123.9067382813, -101.89519
15136.1132812500, -101.51080
15148.3198242188, -101.09012
15160.5263671875, -101.25068
15172.7329101563, -101.21770
15184.9394531250, -100.09615
15197.1459960938, -100.04769
15209.3525390625, -100.20407
15221.5590820313, -93.87692
15233.7656250000, -96.49208
15245.9721679688, -100.11780
15258.1787109375, -101.21197
15270.3852539063, -100.52868
15282.5917968750, -101.03729
15294.7983398438, -99.63576
15307.0048828125, -100.52920
15319.2114257813, -100.16321
15331.4179687500, -100.10513
15343.6245117188, -101.23931
15355.8310546875, -100.67465
15368.0375976563, -101.58837
15380.2441406250, -100.75669
15392.4506835938, -101.09910
15404.6572265625, -100.03158
15416.8637695313, -99.46237
15429.0703125000, -100.06958
15441.2768554688, -100.05498
15453.4833984375, -99.88266
15465.6899414063, -100.09889
15477.8964843750, -99.72158
15490.1030273438, -98.78809
15502.3095703125, -99.04975
15514.5161132813, -99.65889
15526.7226562500, -99.48547
15538.9291992188, -98.42865
15551.1357421875, -98.75107
15563.3422851563, -100.97781
15575.5488281250, -99.68115
15587.7553710938, -98.60548
15599.9619140625, -99.41505
15612.1684570313, -98.90519
15624.3750000000, -99.23526
15636.5815429688, -98.35649
15648.7880859375, -97.42871
15660.9946289063, -98.71578
15673.2011718750, -98.35774
15685.4077148438, -99.18007
15697.6142578125, -98.00532
15709.8208007813, -97.84712
15722.0273437500, -98.40203
15734.2338867188, -97.54674
15746.4404296875, -96.34087
15758.6469726563, -97.83060
15770.8535156250, -98.26354
15783.0600585938, -97.02291
15795.2666015625, -96.90831
15807.4731445313, -97.23899
15819.6796875000, -97.58098
15831.8862304688, -97.46883
15844.0927734375, -95.52427
15856.2993164063, -95.61617
15868.5058593750, -96.11483
15880.7124023438, -95.79065
15892.9189453125, -94.80481
15905.1254882813, -94.99100
15917.3320312500, -95.80007
15929.5385742188, -95.04077
15941.7451171875, -93.74085
15953.9516601563, -93.58698
15966.1582031250, -94.88673
15978.3647460938, -95.23024
15990.5712890625, -92.22287
16002.7778320313, -91.65318
16014.9843750000, -93.31570
16027.1909179688, -93.68614
16039.3974609375, -92.94464
16051.6040039063, -92.88772
16063.8105468750, -93.77967
16076.0170898438, -92.59315
16088.2236328125, -92.14728
16100.4301757813, -91.60238
16112.6367187500, -92.21530
16124.8432617188, -91.62054
16137.0498046875, -92.23762
16149.2563476563, -90.99145
16161.4628906250, -91.73866
16173.6694335938, -91.14812
16185.8759765625, -90.86080
16198.0825195313, -90.11810
16210.2890625000, -90.75445
16222.4956054688, -91.20150
16234.7021484375, -90.82506
16246.9086914063, -89.38745
16259.1152343750, -90.33510
16271.3217773438, -91.29761
16283.5283203125, -90.75655
16295.7348632813, -91.27194
16307.9414062500, -89.10169
16320.1479492188, -89.56737
16332.3544921875, -90.37056
16344.5610351563, -89.12863
16356.7675781250, -89.53114
16368.9741210938, -90.24004
16381.1806640625, -90.21699
16393.3872070313, -89.64424
16405.5937500000, -89.18773
16417.8002929688, -89.66148
16430.0068359375, -89.54353
16442.2133789063, -88.55838
16454.4199218750, -88.49421
16466.6264648438, -88.76250
16478.8330078125, -87.81045
16491.0395507813, -83.02013
16503.2460937500, -86.87018
16515.4526367188, -88.10861
16527.6591796875, -87.98445
16539.8657226563, -87.54450
16552.0722656250, -88.06705
16564.2788085938, -88.04679
16576.4853515625, -88.76086
16588.6918945313, -88.09088
16600.8984375000, -88.29773
16613.1049804688, -88.43254
16625.3115234375, -88.75522
16637.5180664063, -88.53504
16649.7246093750, -87.92368
16661.9311523438, -88.48828
16674.1376953125, -87.86020
16686.3442382813, -88.38528
16698.5507812500, -87.84715
16710.7573242188, -87.93227
16722.9638671875, -88.26259
16735.1704101563, -88.19869
16747.3769531250, -89.02710
16759.5834960938, -89.68487
16771.7900390625, -89.15457
16783.9965820313, -88.67665
16796.2031250000, -88.70866
16808.4096679688, -89.02201
16820.6162109375, -89.54685
16832.8227539063, -88.87917
16845.0292968750, -89.32851
16857.2358398438, -90.15887
16869.4423828125, -90.51802
16881.6489257813, -90.37660
16893.8554687500, -90.00118
16906.0620117188, -90.53934
16918.2685546875, -91.60664
16930.4750976563, -90.33199
16942.6816406250, -89.68290
16954.8881835938, -90.69302
16967.0947265625, -91.09947
16979.3012695313, -93.06432
16991.5078125000, -92.04265
17003.7143554688, -91.74630
17015.9208984375, -92.29527
17028.1274414063, -92.63512
17040.3339843750, -93.73230
17052.5405273438, -94.49540
17064.7470703125, -93.63618
17076.9536132813, -93.60182
17089.1601562500, -94.61150
17101.3666992188, -93.83704
17113.5732421875, -94.80109
17125.7797851563, -93.66343
17137.9863281250, -94.74282
17150.1928710938, -95.39762
17162.3994140625, -95.53963
17174.6059570313, -95.40894
17186.8125000000, -95.25542
17199.0190429688, -96.15746
17211.2255859375, -96.74003
17223.4321289063, -96.85618
17235.6386718750, -96.53791
17247.8452148438, -96.84097
17260.0517578125, -96.93357
17272.2583007813, -97.01466
17284.4648437500, -97.02438
17296.6713867188, -97.16933
17308.8779296875, -97.92072
17321.0844726563, -96.89323
17333.2910156250, -97.89157
17345.4975585938, -97.22907
17357.7041015625, -97.93698
17369.9106445313, -97.85888
17382.1171875000, -99.05214
17394.3237304688, -98.04557
17406.5302734375, -98.31264
17418.7368164063, -99.51484
17430.9433593750, -98.60920
17443.1499023438, -97.22795
17455.3564453125, -99.08922
17467.5629882813, -98.53458
17479.7695312500, -99.01167
17491.9760742188, -99.37179
17504.1826171875, -99.40597
17516.3891601563, -99.67575
17528.5957031250, -98.55571
17540.8022460938, -96.94275
17553.0087890625, -97.18851
17565.2153320313, -98.71388
17577.4218750000, -100.30651
17589.6284179688, -99.96814
17601.8349609375, -99.76310
17614.0415039063, -101.09903
17626.2480468750, -100.00418
17638.4545898438, -99.27526
17650.6611328125, -100.39979
17662.8676757813, -101.71119
17675.0742187500, -101.09835
17687.2807617188, -100.63788
17699.4873046875, -100.29592
17711.6938476563, -100.47638
17723.9003906250, -100.50571
17736.1069335938, -100.31883
17748.3134765625, -98.18089
17760.5200195313, -96.49576
17772.7265625000, -98.64051
17784.9331054688, -100.04888
17797.1396484375, -99.92179
17809.3461914063, -100.64560
17821.5527343750, -100.81839
17833.7592773438, -101.50345
17845.9658203125, -100.96113
17858.1723632813, -101.45385
17870.3789062500, -101.75673
17882.5854492188, -101.07637
17894.7919921875, -100.93185
17906.9985351563, -100.52499
17919.2050781250, -100.33187
17931.4116210938, -98.48686
17943.6181640625, -99.51173
17955.8247070313, -101.58600
17968.0312500000, -100.55543
17980.2377929688, -102.08077
17992.4443359375, -101.81446
18004.6508789063, -100.80783
18016.8574218750, -100.53533
18029.0639648438, -96.86090
18041.2705078125, -96.17530
18053.4770507813, -101.12189
18065.6835937500, -101.48402
18077.8901367188, -101.47444
18090.0966796875, -101.22108
18102.3032226563, -101.91422
18114.5097656250, -101.82151
18126.7163085938, -100.30109
18138.9228515625, -98.77585
18151.1293945313, -100.93708
18163.3359375000, -101.23906
18175.5424804688, -100.86520
18187.7490234375, -100.96961
18199.9555664063, -100.85568
18212.1621093750, -101.83002
18224.3686523438, -101.09526
18236.5751953125, -100.35094
18248.7817382813, -100.25101
18260.9882812500, -101.65571
18273.1948242188, -101.14464
18285.4013671875, -101.86955
18297.6079101563, -101.13345
18309.8144531250, -101.55492
18322.0209960938, -102.16840
18334.2275390625, -101.52841
18346.4340820313, -101.26128
18358.6406250000, -101.27437
18370.8471679688, -101.77786
18383.0537109375, -101.38155
18395.2602539063, -100.30270
18407.4667968750, -100.06177
18419.6733398438, -99.73605
18431.8798828125, -101.44286
18444.0864257813, -100.79308
18456.2929687500, -101.78579
18468.4995117188, -101.37796
18480.7060546875, -101.83627
18492.9125976563, -102.37981
18505.1191406250, -102.69605
18517.3256835938, -100.63512
18529.5322265625, -101.12217
18541.7387695313, -100.95208
18553.9453125000, -101.32268
18566.1518554688, -101.01087
18578.3583984375, -101.90433
18590.5649414063, -101.79296
18602.7714843750, -101.02811
18614.9780273438, -101.71380
18627.1845703125, -101.01979
18639.3911132813, -100.99224
18651.5976562500, -101.27267
18663.8041992188, -101.91328
18676.0107421875, -101.08985
18688.2172851563, -100.55911
18700.4238281250, -101.18643
18712.6303710938, -101.57442
18724.8369140625, -101.84785
18737.0434570313, -102.43599
18749.2500000000, -102.23740
18761.4565429688, -102.07550
18773.6630859375, -101.80711
18785.8696289063, -101.25584
18798.0761718750, -101.26774
18810.2827148438, -101.72747
18822.4892578125, -101.87690
18834.6958007813, -101.45192
18846.9023437500, -100.97090
18859.1088867188, -100.44396
18871.3154296875, -101.53451
18883.5219726563, -101.71809
18895.7285156250, -101.47589
18907.9350585938, -101.91511
18920.1416015625, -101.59189
18932.3481445313, -101.06515
18944.5546875000, -101.13191
18956.7612304688, -101.70320
18968.9677734375, -101.62915
18981.1743164063, -102.49108
18993.3808593750, -102.96740
19005.5874023438, -102.61747
19017.7939453125, -101.12960
19030.0004882813, -101.38206
19042.2070312500, -102.84224
19054.4135742188, -101.59506
19066.6201171875, -101.74105
19078.8266601563, -101.47934
19091.0332031250, -100.79250
19103.2397460938, -102.02455
19115.4462890625, -102.01749
19127.6528320313, -100.78951
19139.8593750000, -101.89381
19152.0659179688, -102.11049
19164.2724609375, -101.84776
19176.4790039063, -102.15279
19188.6855468750, -101.69186
19200.8920898438, -101.32744
19213.0986328125, -101.93464
19225.3051757813, -102.25878
19237.5117187500, -102.16291
19249.7182617188, -101.56915
19261.9248046875, -101.36983
19274.1313476563, -101.86640
19286.3378906250, -103.18352
19298.5444335938, -102.89108
19310.7509765625, -102.12496
19322.9575195313, -102.02803
19335.1640625000, -101.62071
19347.3706054688, -102.47430
19359.5771484375, -102.18804
19371.7836914063, -101.66969
19383.9902343750, -101.21471
19396.1967773438, -101.88543
19408.4033203125, -102.04009
19420.6098632813, -103.08806
19432.8164062500, -102.40633
19445.0229492188, -102.85329
19457.2294921875, -102.35736
19469.4360351563, -102.11401
19481.6425781250, -101.62785
19493.8491210938, -101.36207
19506.0556640625, -102.90834
19518.2622070313, -103.15928
19530.4687500000, -101.71973
19542.6752929688, -102.42351
19554.8818359375, -102.30621
19567.0883789063, -101.59558
19579.2949218750, -102.52684
19591.5014648438, -103.53150
19603.7080078125, -102.78550
19615.9145507813, -101.72745
19628.1210937500, -101.83478
19640.3276367188, -103.27944
19652.5341796875, -102.82082
19664.7407226563, -102.55416
19676.9472656250, -103.09969
19689.1538085938, -102.17783
19701.3603515625, -102.42999
19713.5668945313, -102.98407
19725.7734375000, -102.47269
19737.9799804688, -102.59885
19750.1865234375, -102.48569
19762.3930664063, -102.14382
19774.5996093750, -102.10443
19786.8061523438, -101.55279
19799.0126953125, -102.13725
19811.2192382813, -102.39240
19823.4257812500, -102.02165
19835.6323242188, -101.55361
19847.8388671875, -102.50156
19860.0454101563, -103.11119
19872.2519531250, -102.89514
19884.4584960938, -103.24498
19896.6650390625, -102.49201
19908.8715820313, -102.90647
19921.0781250000, -101.95494
19933.2846679688, -102.70351
19945.4912109375, -102.30186
19957.6977539063, -102.95244
19969.9042968750, -102.88349
19982.1108398438, -102.89817
19994.3173828125, -102.60895
20006.5239257813, -102.19325
20018.7304687500, -102.07894
20030.9370117188, -102.70351
20043.1435546875, -102.07491
20055.3500976563, -102.19802
20067.5566406250, -102.71850
20079.7631835938, -102.93799
20091.9697265625, -102.93816
20104.1762695313, -102.30242
20116.3828125000, -102.75623
20128.5893554688, -102.83180
20140.7958984375, -102.60080
20153.0024414063, -101.76584
20165.2089843750, -102.57193
20177.4155273438, -102.99416
20189.6220703125, -102.10007
20201.8286132813, -102.01053
20214.0351562500, -102.82987
20226.2416992188, -103.22522
20238.4482421875, -102.10994
20250.6547851563, -102.15953
20262.8613281250, -102.82019
20275.0678710938, -103.04945
20287.2744140625, -102.24899
20299.4809570313, -101.50814
20311.6875000000, -102.13705
20323.8940429688, -102.82862
20336.1005859375, -102.22756
20348.3071289063, -102.66766
20360.5136718750, -103.08354
20372.7202148438, -102.58220
20384.9267578125, -103.16588
20397.1333007813, -101.95878
20409.3398437500, -101.66274
20421.5463867188, -101.98790
20433.7529296875, -101.06190
20445.9594726563, -102.44827
20458.1660156250, -103.27249
20470.3725585938, -103.22798
20482.5791015625, -103.13733
20494.7856445313, -102.40243
20506.9921875000, -102.86314
20519.1987304688, -102.25711
20531.4052734375, -102.80115
20543.6118164063, -102.62965
20555.8183593750, -102.74920
20568.0249023438, -102.43914
20580.2314453125, -102.51234
20592.4379882813, -102.66895
20604.6445312500, -102.20083
20616.8510742188, -101.97905
20629.0576171875, -102.53927
20641.2641601563, -102.85297
20653.4707031250, -103.59413
20665.6772460938, -102.42243
20677.8837890625, -102.30252
20690.0903320313, -102.91350
20702.2968750000, -102.81919
20714.5034179688, -103.49122
20726.7099609375, -102.63310
20738.9165039063, -102.26867
20751.1230468750, -103.16749
20763.3295898438, -102.76180
20775.5361328125, -103.91801
20787.7426757813, -103.12878
20799.9492187500, -103.35887
20812.1557617188, -102.65707
20824.3623046875, -103.00779
20836.5688476563, -103.35962
20848.7753906250, -102.48452
20860.9819335938, -102.73290
20873.1884765625, -102.35311
20885.3950195313, -102.34200
20897.6015625000, -103.24630
20909.8081054688, -104.08500
20922.0146484375, -103.14049
20934.2211914063, -101.99076
20946.4277343750, -102.46289
20958.6342773438, -101.96748
20970.8408203125, -102.10471
20983.0473632813, -102.65759
20995.2539062500, -102.80645
21007.4604492188, -103.39864
21019.6669921875, -102.47119
21031.8735351563, -103.25652
21044.0800781250, -102.95166
21056.2866210938, -102.75566
21068.4931640625, -103.69859
21080.6997070313, -103.92334
21092.9062500000, -102.19819
21105.1127929688, -103.47415
21117.3193359375, -102.51560
21129.5258789063, -102.16857
21141.7324218750, -102.51655
21153.9389648438, -101.48994
21166.1455078125, -102.73565
21178.3520507813, -102.92569
21190.5585937500, -103.30128
21202.7651367188, -102.98722
21214.9716796875, -103.21926
21227.1782226563, -102.59330
21239.3847656250, -102.83947
21251.5913085938, -103.47907
21263.7978515625, -102.76562
21276.0043945313, -102.83813
21288.2109375000, -102.26005
21300.4174804688, -101.74798
21312.6240234375, -102.33215
21324.8305664063, -102.72448
21337.0371093750, -103.17403
21349.2436523438, -102.66665
21361.4501953125, -102.46105
21373.6567382813, -102.72071
21385.8632812500, -103.42855
21398.0698242188, -103.11944
21410.2763671875, -103.19586
21422.4829101563, -103.43603
21434.6894531250, -102.13447
21446.8959960938, -102.15616
21459.1025390625, -102.28629
21471.3090820313, -102.26738
21483.5156250000, -103.34036
21495.7221679688, -102.68313
21507.9287109375, -101.67409
21520.1352539063, -102.34543
21532.3417968750, -102.50311
21544.5483398438, -102.30622
21556.7548828125, -101.98297
21568.9614257813, -102.83889
21581.1679687500, -103.01184
21593.3745117188, -103.36249
21605.5810546875, -102.59779
21617.7875976563, -103.13262
21629.9941406250, -102.80728
21642.2006835938, -102.64242
21654.4072265625, -101.76457
21666.6137695313, -102.38610
21678.8203125000, -103.00499
21691.0268554688, -103.05880
21703.2333984375, -103.37358
21715.4399414063, -103.18005
21727.6464843750, -102.95885
21739.8530273438, -102.96221
21752.0595703125, -103.69005
21764.2661132813, -102.63438
21776.4726562500, -102.46152
21788.6791992188, -103.25666
21800.8857421875, -102.00390
21813.0922851563, -101.97204
21825.2988281250, -102.75436
21837.5053710938, -102.19706
21849.7119140625, -102.73492
21861.9184570313, -102.04022
21874.1250000000, -103.02168
21886.3315429688, -103.57752
21898.5380859375, -102.81474
21910.7446289063, -103.11792
21922.9511718750, -101.73935
21935.1577148438, -102.15963
21947.3642578125, -103.77314
21959.5708007813, -102.44454
21971.7773437500, -101.65638
21983.9838867188, -102.47105
21996.1904296875, -103.14292
22008.3969726563, -102.30211
22020.6035156250, -103.11974
22032.8100585938, -101.75026
22045.0166015625, -102.14306
22057.2231445313, -102.04707
22069.4296875000, -102.67212
22081.6362304688, -102.86448
22093.8427734375, -101.89819
22106.0493164063, -102.59433
22118.2558593750, -102.79694
22130.4624023438, -102.23584
22142.6689453125, -103.00370
22154.8754882813, -102.80394
22167.0820312500, -102.82293
22179.2885742188, -102.37960
22191.4951171875, -102.86473
22203.7016601563, -102.68731
22215.9082031250, -104.03403
22228.1147460938, -102.20626
22240.3212890625, -102.62765
22252.5278320313, -102.11482
22264.7343750000, -102.27153
22276.9409179688, -101.47386
22289.1474609375, -102.64567
22301.3540039063, -102.66891
22313.5605468750, -103.22155
22325.7670898438, -103.18499
22337.9736328125, -102.80923
22350.1801757813, -102.92791
22362.3867187500, -103.33119
22374.5932617188, -103.39806
22386.7998046875, -103.89733
22399.0063476563, -102.96865
22411.2128906250, -103.40799
22423.4194335938, -103.31244
22435.6259765625, -102.76813
22447.8325195313, -103.50400
22460.0390625000, -103.57365
22472.2456054688, -103.33203
22484.4521484375, -103.28486
22496.6586914063, -102.38674
22508.8652343750, -103.47276
22521.0717773438, -103.54126
22533.2783203125, -103.02509
22545.4848632813, -102.85931
22557.6914062500, -103.28115
22569.8979492188, -103.17432
22582.1044921875, -103.33562
22594.3110351563, -103.80597
22606.5175781250, -102.12609
22618.7241210938, -101.33298
22630.9306640625, -102.17264
22643.1372070313, -102.75002
22655.3437500000, -102.57346
22667.5502929688, -102.15052
22679.7568359375, -101.95967
22691.9633789063, -102.02516
22704.1699218750, -102.92793
22716.3764648438, -102.40642
22728.5830078125, -102.48386
22740.7895507813, -103.31706
22752.9960937500, -101.96149
22765.2026367188, -102.25378
22777.4091796875, -102.64186
22789.6157226563, -103.16416
22801.8222656250, -102.20865
22814.0288085938, -102.64590
22826.2353515625, -102.75161
22838.4418945313, -103.42971
22850.6484375000, -103.52560
22862.8549804688, -103.43670
22875.0615234375, -104.19830
22887.2680664063, -103.88526
22899.4746093750, -102.58962
22911.6811523438, -102.45229
22923.8876953125, -102.04011
22936.0942382813, -102.64964
22948.3007812500, -102.36080
22960.5073242188, -102.55354
22972.7138671875, -103.88145
22984.9204101563, -103.14404
22997.1269531250, -103.73276
23009.3334960938, -102.86748
23021.5400390625, -102.71159
23033.7465820313, -102.51876
23045.9531250000, -103.44783
23058.1596679688, -102.59213
23070.3662109375, -102.60028
23082.5727539063, -102.75288
23094.7792968750, -102.42559
23106.9858398438, -102.52165
23119.1923828125, -103.33612
23131.3989257813, -104.55902
23143.6054687500, -103.07545
23155.8120117188, -102.79383
23168.0185546875, -102.87511
23180.2250976563, -102.47839
23192.4316406250, -102.66546
23204.6381835938, -102.35604
23216.8447265625, -102.67136
23229.0512695313, -102.65741
23241.2578125000, -104.25611
23253.4643554688, -102.96266
23265.6708984375, -102.82402
23277.8774414063, -104.01996
23290.0839843750, -103.74077
23302.2905273438, -103.75200
23314.4970703125, -103.38278
23326.7036132813, -103.91580
23338.9101562500, -102.43166
23351.1166992188, -103.26467
23363.3232421875, -103.29622
23375.5297851563, -102.99789
23387.7363281250, -102.79953
23399.9428710938, -103.27276
23412.1494140625, -102.99143
23424.3559570313, -103.70121
23436.5625000000, -103.52815
23448.7690429688, -103.35389
23460.9755859375, -103.31185
23473.1821289063, -102.93883
23485.3886718750, -102.61028
23497.5952148438, -103.02754
23509.8017578125, -102.34658
23522.0083007813, -102.73617
23534.2148437500, -103.02693
23546.4213867188, -102.92897
23558.6279296875, -101.76649
23570.8344726563, -102.86800
23583.0410156250, -104.02390
23595.2475585938, -102.96507
23607.4541015625, -102.08612
23619.6606445313, -103.11551
23631.8671875000, -103.12099
23644.0737304688, -102.51358
23656.2802734375, -103.17451
23668.4868164063, -103.01241
23680.6933593750, -102.89611
23692.8999023438, -102.51522
23705.1064453125, -102.85635
23717.3129882813, -102.80418
23729.5195312500, -102.34688
23741.7260742188, -101.89219
23753.9326171875, -102.19662
23766.1391601563, -103.25738
23778.3457031250, -103.01401
23790.5522460938, -102.86698
23802.7587890625, -103.42338
23814.9653320313, -103.44774
23827.1718750000, -103.16777
23839.3784179688, -103.15188
23851.5849609375, -102.51568
23863.7915039063, -103.30477
23875.9980468750, -103.62853
23888.2045898438, -103.47322
23900.4111328125, -102.52405
23912.6176757813, -103.15384
23924.8242187500, -103.04771
23937.0307617188, -102.99800
23949.2373046875, -103.89953
23961.4438476563, -103.46625
23973.6503906250, -102.03937
23985.8569335938, -102.15425
23998.0634765625, -102.20677
24010.2700195313, -102.48149
24022.4765625000, -102.95527
24034.6831054688, -103.12694
24046.8896484375, -102.67392
24059.0961914063, -102.74202
24071.3027343750, -102.48429
24083.5092773438, -102.34715
24095.7158203125, -102.64045
24107.9223632813, -103.18110
24120.1289062500, -102.36149
24132.3354492188, -103.05086
24144.5419921875, -103.43841
24156.7485351563, -102.89577
24168.9550781250, -102.40230
24181.1616210938, -102.87543
24193.3681640625, -103.34852
24205.5747070313, -103.97957
24217.7812500000, -103.87788
24229.9877929688, -102.91060
24242.1943359375, -103.44779
24254.4008789063, -103.79791
24266.6074218750, -103.58886
24278.8139648438, -104.40398
24291.0205078125, -103.02388
24303.2270507813, -102.73631
24315.4335937500, -102.89975
24327.6401367188, -102.71706
24339.8466796875, -104.21545
24352.0532226563, -103.46838
24364.2597656250, -102.96269
24376.4663085938, -102.87616
24388.6728515625, -103.18953
24400.8793945313, -103.63266
24413.0859375000, -103.05020
24425.2924804688, -101.95357
24437.4990234375, -102.39230
24449.7055664063, -103.28089
24461.9121093750, -103.64181
24474.1186523438, -102.17721
24486.3251953125, -102.05797
24498.5317382813, -103.29909
24510.7382812500, -101.74533
24522.9448242188, -102.14932
24535.1513671875, -103.58833
24547.3579101563, -103.15840
24559.5644531250, -102.78536
24571.7709960938, -102.17604
24583.9775390625, -102.16359
24596.1840820313, -103.20398
24608.3906250000, -103.25133
24620.5971679688, -104.05295
24632.8037109375, -104.37927
24645.0102539063, -102.91930
24657.2167968750, -103.09331
24669.4233398438, -103.00984
24681.6298828125, -102.60443
24693.8364257813, -102.13792
24706.0429687500, -102.46895
24718.2495117188, -101.85125
24730.4560546875, -103.35143
24742.6625976563, -103.17490
24754.8691406250, -102.95343
24767.0756835938, -102.50416
24779.2822265625, -103.29747
24791.4887695313, -103.28423
24803.6953125000, -103.33091
24815.9018554688, -103.55443
24828.1083984375, -103.77268
24840.3149414063, -103.50104
24852.5214843750, -103.13810
24864.7280273438, -102.99577
24876.9345703125, -103.01584
24889.1411132813, -103.25516
24901.3476562500, -102.51254
24913.5541992188, -102.06934
24925.7607421875, -102.50505
24937.9672851563, -102.36269
24950.1738281250, -102.26606
24962.3803710938, -103.51918
24974.5869140625, -104.22134
24986.7934570313, -106.22507
