0.0000000000, -47.50416
12.2065429688, -50.50083
24.4130859375, -75.56590
36.6196289063, -74.32144
48.8261718750, -67.48347
61.0327148438, -72.10463
73.2392578125, -82.38212
85.4458007813, -90.59454
97.6523437500, -87.71119
109.8588867188, -89.77314
122.0654296875, -84.66981
134.2719726563, -80.76227
146.4785156250, -73.48072
158.6850585938, -76.19875
170.8916015625, -89.46293
183.0981445313, -92.41808
195.3046875000, -91.19563
207.5112304688, -92.73770
219.7177734375, -91.96888
231.9243164063, -86.89597
244.1308593750, -80.62731
256.3374023438, -81.46670
268.5439453125, -91.74226
280.7504882813, -92.93098
292.9570312500, -92.77537
305.1635742188, -93.25465
317.3701171875, -94.28276
329.5766601563, -92.70496
341.7832031250, -86.59769
353.9897460938, -83.99241
366.1962890625, -91.89701
378.4028320313, -95.11308
390.6093750000, -95.25214
402.8159179688, -94.58805
415.0224609375, -95.22534
427.2290039063, -94.34436
439.4355468750, -89.61932
451.6420898438, -86.58727
463.8486328125, -93.25757
476.0551757813, -95.87094
488.2617187500, -95.32939
500.4682617188, -93.76804
512.6748046875, -92.47679
524.8813476563, -93.72516
537.0878906250, -93.55762
549.2944335938, -91.98017
561.5009765625, -93.99765
573.7075195313, -95.00744
585.9140625000, -94.10906
598.1206054688, -93.58651
610.3271484375, -95.11036
622.5336914063, -95.59131
634.7402343750, -94.42421
646.9467773438, -89.81707
659.1533203125, -92.09787
671.3598632813, -95.75508
683.5664062500, -93.78329
695.7729492188, -94.86988
707.9794921875, -95.35248
720.1860351563, -94.30425
732.3925781250, -94.09389
744.5991210938, -84.76693
756.8056640625, -85.58058
769.0122070313, -95.40311
781.2187500000, -95.29643
793.4252929688, -95.52812
805.6318359375, -96.64170
817.8383789063, -97.04880
830.0449218750, -96.89088
842.2514648438, -93.05219
854.4580078125, -91.43835
866.6645507813, -93.33251
878.8710937500, -94.87700
891.0776367188, -95.00024
903.2841796875, -95.72548
915.4907226563, -96.94942
927.6972656250, -96.89146
939.9038085938, -88.31520
952.1103515625, -84.83445
964.3168945313, -91.89191
976.5234375000, -96.29309
988.7299804688, -96.39236
1000.9365234375, -97.78916
1013.1430664063, -99.54469
1025.3496093750, -97.33022
1037.5561523438, -94.32104
1049.7626953125, -89.78519
1061.9692382813, -94.37744
1074.1757812500, -96.81451
1086.3823242188, -97.40862
1098.5888671875, -97.62103
1110.7954101563, -96.03629
1123.0019531250, -97.09641
1135.2084960938, -94.59280
1147.4150390625, -87.19411
1159.6215820313, -91.11690
1171.8281250000, -96.19075
1184.0346679688, -97.06519
1196.2412109375, -98.26888
1208.4477539063, -97.36232
1220.6542968750, -97.25615
1232.8608398438, -96.23892
1245.0673828125, -88.03843
1257.2739257813, -89.90432
1269.4804687500, -95.88583
1281.6870117188, -97.96767
1293.8935546875, -99.42320
1306.1000976563, -99.03821
1318.3066406250, -98.50344
1330.5131835938, -98.60689
1342.7197265625, -92.13258
1354.9262695313, -91.82705
1367.1328125000, -98.44843
1379.3393554688, -98.57437
1391.5458984375, -99.54368
1403.7524414063, -100.49390
1415.9589843750, -98.90733
1428.1655273438, -99.28418
1440.3720703125, -98.10306
1452.5786132813, -96.56065
1464.7851562500, -98.52433
1476.9916992188, -99.34940
1489.1982421875, -100.74855
1501.4047851563, -99.81951
1513.6113281250, -97.97014
1525.8178710938, -99.93555
1538.0244140625, -94.55769
1550.2309570313, -91.23593
1562.4375000000, -97.92448
1574.6440429688, -99.71469
1586.8505859375, -99.51043
1599.0571289063, -99.38329
1611.2636718750, -97.95006
1623.4702148438, -100.77090
1635.6767578125, -96.70659
1647.8833007813, -90.69466
1660.0898437500, -95.18734
1672.2963867188, -100.69899
1684.5029296875, -99.34286
1696.7094726563, -99.32980
1708.9160156250, -99.17038
1721.1225585938, -100.26214
1733.3291015625, -99.78072
1745.5356445313, -96.26095
1757.7421875000, -97.71069
1769.9487304688, -99.65174
1782.1552734375, -99.75236
1794.3618164063, -101.48006
1806.5683593750, -99.46502
1818.7749023438, -99.16299
1830.9814453125, -99.96729
1843.1879882813, -96.29408
1855.3945312500, -97.21914
1867.6010742188, -100.40408
1879.8076171875, -100.37285
1892.0141601563, -100.88447
1904.2207031250, -98.87647
1916.4272460938, -99.50775
1928.6337890625, -100.89368
1940.8403320313, -99.57002
1953.0468750000, -99.48813
1965.2534179688, -101.14280
1977.4599609375, -100.38211
1989.6665039063, -100.78313
2001.8730468750, -99.74187
2014.0795898438, -99.35821
2026.2861328125, -99.94441
2038.4926757813, -100.28610
2050.6992187500, -98.42232
2062.9057617188, -99.58256
2075.1123046875, -100.51058
2087.3188476563, -100.88037
2099.5253906250, -100.33570
2111.7319335938, -100.73906
2123.9384765625, -100.48202
2136.1450195313, -99.80136
2148.3515625000, -97.81585
2160.5581054688, -100.10003
2172.7646484375, -99.63643
2184.9711914063, -101.62094
2197.1777343750, -100.74082
2209.3842773438, -101.48996
2221.5908203125, -101.70228
2233.7973632813, -101.31095
2246.0039062500, -101.02437
2258.2104492188, -101.91033
2270.4169921875, -99.72377
2282.6235351563, -99.73788
2294.8300781250, -100.29276
2307.0366210938, -101.27624
2319.2431640625, -100.77606
2331.4497070313, -100.46760
2343.6562500000, -99.20963
2355.8627929688, -100.35126
2368.0693359375, -99.88097
2380.2758789063, -100.95686
2392.4824218750, -101.36400
2404.6889648438, -101.51714
2416.8955078125, -100.48982
2429.1020507813, -100.97000
2441.3085937500, -100.42991
2453.5151367188, -100.49424
2465.7216796875, -101.10881
2477.9282226563, -101.43606
2490.1347656250, -101.88890
2502.3413085938, -101.56929
2514.5478515625, -101.30872
2526.7543945313, -97.90993
2538.9609375000, -95.99719
2551.1674804688, -100.30361
2563.3740234375, -100.51319
2575.5805664063, -100.64368
2587.7871093750, -101.25773
2599.9936523438, -101.16144
2612.2001953125, -100.80786
2624.4067382813, -100.18329
2636.6132812500, -98.16849
2648.8198242188, -97.03647
2661.0263671875, -100.15720
2673.2329101563, -101.41092
2685.4394531250, -102.03404
2697.6459960938, -101.03062
2709.8525390625, -101.07537
2722.0590820313, -101.18783
2734.2656250000, -100.89362
2746.4721679688, -99.90457
2758.6787109375, -100.68434
2770.8852539063, -100.80606
2783.0917968750, -101.57412
2795.2983398438, -101.76939
2807.5048828125, -101.61664
2819.7114257813, -100.90736
2831.9179687500, -101.41494
2844.1245117188, -101.74442
2856.3310546875, -100.74440
2868.5375976563, -100.03291
2880.7441406250, -100.76883
2892.9506835938, -101.76031
2905.1572265625, -101.71502
2917.3637695313, -101.58408
2929.5703125000, -101.76752
2941.7768554688, -100.74950
2953.9833984375, -99.30463
2966.1899414063, -101.48858
2978.3964843750, -100.98288
2990.6030273438, -101.77473
3002.8095703125, -102.01974
3015.0161132813, -100.38170
3027.2226562500, -100.27070
3039.4291992188, -100.65340
3051.6357421875, -100.71004
3063.8422851563, -101.44630
3076.0488281250, -101.26073
3088.2553710938, -101.63454
3100.4619140625, -100.89875
3112.6684570313, -101.56564
3124.8750000000, -100.96737
3137.0815429688, -100.45137
3149.2880859375, -99.36496
3161.4946289063, -100.76837
3173.7011718750, -100.44224
3185.9077148438, -101.00391
3198.1142578125, -101.55622
3210.3208007813, -101.94818
3222.5273437500, -100.88337
3234.7338867188, -101.46040
3246.9404296875, -100.03442
3259.1469726563, -101.49698
3271.3535156250, -101.50811
3283.5600585938, -99.77980
3295.7666015625, -100.01133
3307.9731445313, -100.88083
3320.1796875000, -100.36330
3332.3862304688, -100.38547
3344.5927734375, -101.38953
3356.7993164063, -101.80012
3369.0058593750, -101.74527
3381.2124023438, -100.81311
3393.4189453125, -101.94710
3405.6254882813, -102.44027
3417.8320312500, -101.86444
3430.0385742188, -101.18442
3442.2451171875, -100.88626
3454.4516601563, -101.20429
3466.6582031250, -102.36927
3478.8647460938, -101.27372
3491.0712890625, -101.80650
3503.2778320313, -102.53939
3515.4843750000, -102.79126
3527.6909179688, -101.86505
3539.8974609375, -100.94477
3552.1040039063, -100.68853
3564.3105468750, -101.37511
3576.5170898438, -101.44617
3588.7236328125, -101.68133
3600.9301757813, -100.73144
3613.1367187500, -102.02899
3625.3432617188, -101.74496
3637.5498046875, -101.66566
3649.7563476563, -101.05530
3661.9628906250, -100.89073
3674.1694335938, -101.38731
3686.3759765625, -102.56152
3698.5825195313, -101.95257
3710.7890625000, -101.53906
3722.9956054688, -101.39286
3735.2021484375, -101.40972
3747.4086914063, -101.08571
3759.6152343750, -101.64001
3771.8217773438, -101.70914
3784.0283203125, -102.47604
3796.2348632813, -98.78983
3808.4414062500, -96.49951
3820.6479492188, -100.64158
3832.8544921875, -102.19685
3845.0610351563, -101.41343
3857.2675781250, -101.01249
3869.4741210938, -101.16906
3881.6806640625, -102.13341
3893.8872070313, -101.27297
3906.0937500000, -101.53041
3918.3002929688, -102.29797
3930.5068359375, -101.21180
3942.7133789063, -101.35244
3954.9199218750, -101.51281
3967.1264648438, -103.06144
3979.3330078125, -101.76494
3991.5395507813, -102.35590
4003.7460937500, -102.40044
4015.9526367188, -101.75875
4028.1591796875, -101.77678
4040.3657226563, -102.33118
4052.5722656250, -102.11776
4064.7788085938, -101.93599
4076.9853515625, -101.41122
4089.1918945313, -101.41711
4101.3984375000, -102.97253
4113.6049804688, -102.17986
4125.8115234375, -101.93674
4138.0180664063, -101.85155
4150.2246093750, -102.28455
4162.4311523438, -102.63106
4174.6376953125, -102.07952
4186.8442382813, -102.30943
4199.0507812500, -101.33310
4211.2573242188, -101.16786
4223.4638671875, -103.09664
4235.6704101563, -102.67899
4247.8769531250, -101.78781
4260.0834960938, -102.19761
4272.2900390625, -102.42595
4284.4965820313, -101.83680
4296.7031250000, -102.25667
4308.9096679688, -101.35576
4321.1162109375, -101.93311
4333.3227539063, -102.35310
4345.5292968750, -102.02615
4357.7358398438, -101.02659
4369.9423828125, -101.47844
4382.1489257813, -101.98846
4394.3554687500, -101.52625
4406.5620117188, -101.06274
4418.7685546875, -101.25143
4430.9750976563, -101.65476
4443.1816406250, -100.53456
4455.3881835938, -101.60620
4467.5947265625, -102.07557
4479.8012695313, -101.65174
4492.0078125000, -103.00319
4504.2143554688, -102.86216
4516.4208984375, -102.17666
4528.6274414063, -101.04895
4540.8339843750, -101.30456
4553.0405273438, -101.46915
4565.2470703125, -101.83017
4577.4536132813, -101.67246
4589.6601562500, -102.12089
4601.8666992188, -102.45177
4614.0732421875, -102.37082
4626.2797851563, -102.39697
4638.4863281250, -101.35536
4650.6928710938, -101.50471
4662.8994140625, -101.14157
4675.1059570313, -101.71462
4687.3125000000, -102.25414
4699.5190429688, -101.58030
4711.7255859375, -101.50980
4723.9321289063, -101.15238
4736.1386718750, -101.61082
4748.3452148438, -102.74033
4760.5517578125, -101.61600
4772.7583007813, -102.10599
4784.9648437500, -103.37414
4797.1713867188, -103.25398
4809.3779296875, -102.15561
4821.5844726563, -101.57715
4833.7910156250, -100.84957
4845.9975585938, -102.63132
4858.2041015625, -102.75846
4870.4106445313, -101.11612
4882.6171875000, -101.95012
4894.8237304688, -101.56663
4907.0302734375, -102.07276
4919.2368164063, -102.19802
4931.4433593750, -101.47201
4943.6499023438, -101.74370
4955.8564453125, -101.89153
4968.0629882813, -102.05475
4980.2695312500, -101.95650
4992.4760742188, -101.56858
5004.6826171875, -102.21028
5016.8891601563, -102.40219
5029.0957031250, -101.44430
5041.3022460938, -102.24383
5053.5087890625, -101.79036
5065.7153320313, -98.88937
5077.9218750000, -97.58323
5090.1284179688, -102.56658
5102.3349609375, -101.82761
5114.5415039063, -102.21875
5126.7480468750, -101.78373
5138.9545898438, -101.52978
5151.1611328125, -101.75300
5163.3676757813, -101.98260
5175.5742187500, -102.82234
5187.7807617188, -102.10949
5199.9873046875, -102.98969
5212.1938476563, -101.84071
5224.4003906250, -102.07069
5236.6069335938, -101.84931
5248.8134765625, -102.02136
5261.0200195313, -102.10371
5273.2265625000, -102.22017
5285.4331054688, -102.24197
5297.6396484375, -101.39633
5309.8461914063, -102.16541
5322.0527343750, -102.27381
5334.2592773438, -102.01665
5346.4658203125, -102.17221
5358.6723632813, -102.72781
5370.8789062500, -101.42420
5383.0854492188, -101.21289
5395.2919921875, -100.84365
5407.4985351563, -102.65761
5419.7050781250, -101.88755
5431.9116210938, -101.51572
5444.1181640625, -102.04013
5456.3247070313, -102.06848
5468.5312500000, -101.61363
5480.7377929688, -101.75532
5492.9443359375, -101.49565
5505.1508789063, -102.02826
5517.3574218750, -102.18067
5529.5639648438, -101.56697
5541.7705078125, -101.86017
5553.9770507813, -100.77332
5566.1835937500, -101.06275
5578.3901367188, -102.22774
5590.5966796875, -101.83570
5602.8032226563, -103.05808
5615.0097656250, -102.46782
5627.2163085938, -101.95174
5639.4228515625, -102.39432
5651.6293945313, -101.59144
5663.8359375000, -101.88416
5676.0424804688, -101.12998
5688.2490234375, -102.40660
5700.4555664063, -101.69488
5712.6621093750, -101.56201
5724.8686523438, -102.11259
5737.0751953125, -102.27686
5749.2817382813, -101.97934
5761.4882812500, -102.24756
5773.6948242188, -103.10638
5785.9013671875, -101.75705
5798.1079101563, -102.50686
5810.3144531250, -101.41777
5822.5209960938, -101.59231
5834.7275390625, -101.28150
5846.9340820313, -101.08571
5859.1406250000, -101.50424
5871.3471679688, -101.09321
5883.5537109375, -101.82095
5895.7602539063, -102.26226
5907.9667968750, -101.97201
5920.1733398438, -101.24968
5932.3798828125, -101.35243
5944.5864257813, -101.56648
5956.7929687500, -102.23925
5968.9995117188, -103.12739
5981.2060546875, -102.69218
5993.4125976563, -101.88796
6005.6191406250, -101.76403
6017.8256835938, -102.35014
6030.0322265625, -102.52953
6042.2387695313, -101.99942
6054.4453125000, -102.58226
6066.6518554688, -102.56734
6078.8583984375, -102.08816
6091.0649414063, -101.63470
6103.2714843750, -102.50989
6115.4780273438, -102.97765
6127.6845703125, -101.94464
6139.8911132813, -101.21960
6152.0976562500, -100.74198
6164.3041992188, -101.68287
6176.5107421875, -101.43524
6188.7172851563, -101.85175
6200.9238281250, -102.25109
6213.1303710938, -102.67525
6225.3369140625, -102.49959
6237.5434570313, -103.50604
6249.7500000000, -101.80969
6261.9565429688, -102.48747
6274.1630859375, -102.82627
6286.3696289063, -101.85429
6298.5761718750, -100.99554
6310.7827148438, -101.35433
6322.9892578125, -102.23988
6335.1958007813, -99.41283
6347.4023437500, -97.87517
6359.6088867188, -101.65517
6371.8154296875, -102.35376
6384.0219726563, -102.44273
6396.2285156250, -102.71119
6408.4350585938, -102.21613
6420.6416015625, -102.12798
6432.8481445313, -101.51922
6445.0546875000, -102.43147
6457.2612304688, -102.32555
6469.4677734375, -101.85886
6481.6743164063, -102.46988
6493.8808593750, -103.26394
6506.0874023438, -102.22399
6518.2939453125, -102.34227
6530.5004882813, -101.69881
6542.7070312500, -102.09318
6554.9135742188, -103.20455
6567.1201171875, -101.84025
6579.3266601563, -100.66558
6591.5332031250, -102.10278
6603.7397460938, -101.12080
6615.9462890625, -102.29951
6628.1528320313, -102.66000
6640.3593750000, -102.76331
6652.5659179688, -103.03707
6664.7724609375, -101.90579
6676.9790039063, -101.34978
6689.1855468750, -102.50202
6701.3920898438, -102.28977
6713.5986328125, -102.56252
6725.8051757813, -102.51077
6738.0117187500, -101.87064
6750.2182617188, -101.64704
6762.4248046875, -102.36742
6774.6313476563, -103.20638
6786.8378906250, -102.62191
6799.0444335938, -102.97889
6811.2509765625, -102.45578
6823.4575195313, -99.11326
6835.6640625000, -100.11447
6847.8706054688, -101.92871
6860.0771484375, -101.52968
6872.2836914063, -101.91819
6884.4902343750, -102.93364
6896.6967773438, -102.97704
6908.9033203125, -101.84166
6921.1098632813, -102.40449
6933.3164062500, -101.80572
6945.5229492188, -102.20461
6957.7294921875, -102.83102
6969.9360351563, -102.09128
6982.1425781250, -102.60294
6994.3491210938, -103.35620
7006.5556640625, -101.87506
7018.7622070313, -101.72233
7030.9687500000, -101.99569
7043.1752929688, -102.93611
7055.3818359375, -101.91429
7067.5883789063, -102.73868
7079.7949218750, -103.11124
7092.0014648438, -102.06691
7104.2080078125, -101.92142
7116.4145507813, -100.97263
7128.6210937500, -102.04303
7140.8276367188, -102.66042
7153.0341796875, -102.23934
7165.2407226563, -101.98391
7177.4472656250, -102.79798
7189.6538085938, -102.32421
7201.8603515625, -102.08787
7214.0668945313, -101.58591
7226.2734375000, -101.22231
7238.4799804688, -101.55919
7250.6865234375, -102.07167
7262.8930664063, -102.45978
7275.0996093750, -102.40591
7287.3061523438, -101.39213
7299.5126953125, -102.78426
7311.7192382813, -102.54711
7323.9257812500, -101.64338
7336.1323242188, -101.85084
7348.3388671875, -101.33358
7360.5454101563, -102.11794
7372.7519531250, -102.23682
7384.9584960938, -102.38858
7397.1650390625, -101.85371
7409.3715820313, -102.44040
7421.5781250000, -101.65451
7433.7846679688, -102.09138
7445.9912109375, -102.69484
7458.1977539063, -101.99260
7470.4042968750, -101.72241
7482.6108398438, -101.57874
7494.8173828125, -102.23384
7507.0239257813, -101.93345
7519.2304687500, -103.08439
7531.4370117188, -102.95097
7543.6435546875, -102.69495
7555.8500976563, -102.40099
7568.0566406250, -102.97065
7580.2631835938, -102.67397
7592.4697265625, -102.80155
7604.6762695313, -99.25506
7616.8828125000, -98.04215
7629.0893554688, -102.74959
7641.2958984375, -102.03988
7653.5024414063, -101.41290
7665.7089843750, -101.29892
7677.9155273438, -101.96786
7690.1220703125, -102.56465
7702.3286132813, -101.85247
7714.5351562500, -101.12831
7726.7416992188, -101.22326
7738.9482421875, -101.45084
7751.1547851563, -101.33011
7763.3613281250, -101.85337
7775.5678710938, -101.39913
7787.7744140625, -102.40415
7799.9809570313, -102.57627
7812.1875000000, -102.38298
7824.3940429688, -102.31101
7836.6005859375, -101.38642
7848.8071289063, -101.73854
7861.0136718750, -101.54284
7873.2202148438, -101.52983
7885.4267578125, -101.89540
7897.6333007813, -101.37469
7909.8398437500, -102.00198
7922.0463867188, -102.62984
7934.2529296875, -102.46072
7946.4594726563, -102.08529
7958.6660156250, -102.51436
7970.8725585938, -102.09467
7983.0791015625, -102.92349
7995.2856445313, -102.80734
8007.4921875000, -101.86437
8019.6987304688, -102.16770
8031.9052734375, -102.97301
8044.1118164063, -102.48596
8056.3183593750, -102.11311
8068.5249023438, -102.41194
8080.7314453125, -102.67015
8092.9379882813, -101.78407
8105.1445312500, -100.98880
8117.3510742188, -102.18700
8129.5576171875, -102.51235
8141.7641601563, -102.47110
8153.9707031250, -102.14128
8166.1772460938, -102.02154
8178.3837890625, -102.35377
8190.5903320313, -102.97914
8202.7968750000, -103.21344
8215.0034179688, -102.15260
8227.2099609375, -102.32696
8239.4165039063, -102.93770
8251.6230468750, -101.93352
8263.8295898438, -102.51084
8276.0361328125, -101.94746
8288.2426757813, -102.27604
8300.4492187500, -102.54771
8312.6557617188, -102.17817
8324.8623046875, -102.52672
8337.0688476563, -102.84819
8349.2753906250, -101.63059
8361.4819335938, -101.77733
8373.6884765625, -101.40755
8385.8950195313, -101.63165
8398.1015625000, -101.52027
8410.3081054688, -102.15463
8422.5146484375, -101.90611
8434.7211914063, -101.70815
8446.9277343750, -102.11655
8459.1342773438, -102.38917
8471.3408203125, -102.65732
8483.5473632813, -101.91841
8495.7539062500, -101.98290
8507.9604492188, -102.34383
8520.1669921875, -101.95239
8532.3735351563, -102.87663
8544.5800781250, -102.00780
8556.7866210938, -101.37016
8568.9931640625, -101.67143
8581.1997070313, -102.53164
8593.4062500000, -101.30178
8605.6127929688, -101.61397
8617.8193359375, -102.54483
8630.0258789063, -102.34740
8642.2324218750, -101.90172
8654.4389648438, -103.12445
8666.6455078125, -101.92167
8678.8520507813, -102.26461
8691.0585937500, -102.65364
8703.2651367188, -102.89449
8715.4716796875, -102.60915
8727.6782226563, -102.84953
8739.8847656250, -102.53693
8752.0913085938, -102.61853
8764.2978515625, -102.42680
8776.5043945313, -102.61791
8788.7109375000, -102.59152
8800.9174804688, -102.84757
8813.1240234375, -101.54232
8825.3305664063, -101.77757
8837.5371093750, -102.87307
8849.7436523438, -102.53233
8861.9501953125, -102.66051
8874.1567382813, -98.14416
8886.3632812500, -98.28654
8898.5698242188, -102.08220
8910.7763671875, -102.15750
8922.9829101563, -102.90628
8935.1894531250, -102.52078
8947.3959960938, -102.20808
8959.6025390625, -103.06511
8971.8090820313, -103.11046
8984.0156250000, -102.73931
8996.2221679688, -102.40856
9008.4287109375, -102.43516
9020.6352539063, -103.70015
9032.8417968750, -103.64300
9045.0483398438, -102.84808
9057.2548828125, -102.18959
9069.4614257813, -102.34495
9081.6679687500, -102.22990
9093.8745117188, -100.91253
9106.0810546875, -102.15834
9118.2875976563, -102.61573
9130.4941406250, -101.89518
9142.7006835938, -101.64855
9154.9072265625, -101.32858
9167.1137695313, -101.95997
9179.3203125000, -101.48526
9191.5268554688, -102.13060
9203.7333984375, -102.93555
9215.9399414063, -101.38921
9228.1464843750, -102.38739
9240.3530273438, -102.62223
9252.5595703125, -101.71355
9264.7661132813, -102.10172
9276.9726562500, -101.94056
9289.1791992188, -101.69232
9301.3857421875, -101.97277
9313.5922851563, -102.37970
9325.7988281250, -102.13468
9338.0053710938, -102.92608
9350.2119140625, -102.99108
9362.4184570313, -101.97968
9374.6250000000, -101.69465
9386.8315429688, -103.18220
9399.0380859375, -102.72895
9411.2446289063, -102.35894
9423.4511718750, -102.74742
9435.6577148438, -102.95610
9447.8642578125, -103.24140
9460.0708007813, -103.10713
9472.2773437500, -101.94873
9484.4838867188, -101.51853
9496.6904296875, -102.65557
9508.8969726563, -102.21320
9521.1035156250, -102.19559
9533.3100585938, -100.91899
9545.5166015625, -102.14867
9557.7231445313, -102.01010
9569.9296875000, -102.22625
9582.1362304688, -102.65506
9594.3427734375, -102.89211
9606.5493164063, -101.73831
9618.7558593750, -102.71967
9630.9624023438, -103.08897
9643.1689453125, -101.90191
9655.3754882813, -102.23602
9667.5820312500, -102.47506
9679.7885742188, -101.27123
9691.9951171875, -102.00206
9704.2016601563, -102.37132
9716.4082031250, -102.31354
9728.6147460938, -102.68781
9740.8212890625, -102.65321
9753.0278320313, -103.42456
9765.2343750000, -103.06493
9777.4409179688, -102.51718
9789.6474609375, -103.40000
9801.8540039063, -103.34404
9814.0605468750, -102.57877
9826.2670898438, -102.97011
9838.4736328125, -103.03814
9850.6801757813, -102.29409
9862.8867187500, -102.49670
9875.0932617188, -102.09276
9887.2998046875, -102.11547
9899.5063476563, -101.93816
9911.7128906250, -103.12660
9923.9194335938, -102.74698
9936.1259765625, -102.26148
9948.3325195313, -102.52689
9960.5390625000, -102.93310
9972.7456054688, -102.89180
9984.9521484375, -102.42656
9997.1586914063, -102.27330
10009.3652343750, -101.96668
10021.5717773438, -102.78732
10033.7783203125, -102.33006
10045.9848632813, -101.42582
10058.1914062500, -102.63322
10070.3979492188, -102.13423
10082.6044921875, -101.51839
10094.8110351563, -102.31138
10107.0175781250, -103.18287
10119.2241210938, -103.77973
10131.4306640625, -102.68609
10143.6372070313, -99.27350
10155.8437500000, -98.80971
10168.0502929688, -102.21460
10180.2568359375, -101.65419
10192.4633789063, -101.73806
10204.6699218750, -102.12806
10216.8764648438, -102.18138
10229.0830078125, -102.66683
10241.2895507813, -102.13782
10253.4960937500, -101.83703
10265.7026367188, -102.03689
10277.9091796875, -102.80465
10290.1157226563, -102.79903
10302.3222656250, -102.62510
10314.5288085938, -102.09229
10326.7353515625, -103.06711
10338.9418945313, -100.93081
10351.1484375000, -102.28078
10363.3549804688, -102.71690
10375.5615234375, -102.44466
10387.7680664063, -102.87144
10399.9746093750, -102.01575
10412.1811523438, -102.60547
10424.3876953125, -103.12754
10436.5942382813, -101.71305
10448.8007812500, -102.43690
10461.0073242188, -102.38392
10473.2138671875, -102.12981
10485.4204101563, -103.02026
10497.6269531250, -103.22682
10509.8334960938, -102.12654
10522.0400390625, -102.78434
10534.2465820313, -102.58035
10546.4531250000, -101.93505
10558.6596679688, -101.84285
10570.8662109375, -102.12032
10583.0727539063, -102.32164
10595.2792968750, -102.19341
10607.4858398438, -101.86914
10619.6923828125, -102.24849
10631.8989257813, -103.18530
10644.1054687500, -102.59977
10656.3120117188, -101.76085
10668.5185546875, -102.10396
10680.7250976563, -101.99218
10692.9316406250, -103.01394
10705.1381835938, -102.19462
10717.3447265625, -101.80462
10729.5512695313, -102.87556
10741.7578125000, -102.63489
10753.9643554688, -102.29978
10766.1708984375, -103.16411
10778.3774414063, -102.91516
10790.5839843750, -102.76725
10802.7905273438, -104.17293
10814.9970703125, -102.44622
10827.2036132813, -101.41618
10839.4101562500, -101.63834
10851.6166992188, -101.39504
10863.8232421875, -101.82166
10876.0297851563, -102.50706
10888.2363281250, -102.44114
10900.4428710938, -102.33304
10912.6494140625, -102.36284
10924.8559570313, -102.72687
10937.0625000000, -102.78626
10949.2690429688, -101.87503
10961.4755859375, -103.04257
10973.6821289063, -101.62813
10985.8886718750, -101.26344
10998.0952148438, -101.74918
11010.3017578125, -102.13539
11022.5083007813, -102.12075
11034.7148437500, -101.99824
11046.9213867188, -102.84974
11059.1279296875, -103.08734
11071.3344726563, -102.39006
11083.5410156250, -102.73724
11095.7475585938, -103.40037
11107.9541015625, -103.61989
11120.1606445313, -102.23706
11132.3671875000, -101.31659
11144.5737304688, -101.30319
11156.7802734375, -101.47649
11168.9868164063, -101.77162
11181.1933593750, -101.89809
11193.3999023438, -102.84558
11205.6064453125, -102.50508
11217.8129882813, -104.07784
11230.0195312500, -102.55223
11242.2260742188, -102.99800
11254.4326171875, -102.93893
11266.6391601563, -103.31175
11278.8457031250, -103.47410
11291.0522460938, -102.10661
11303.2587890625, -102.81805
11315.4653320313, -102.41213
11327.6718750000, -101.74202
11339.8784179688, -101.49824
11352.0849609375, -101.91135
11364.2915039063, -102.08575
11376.4980468750, -102.95707
11388.7045898438, -102.62514
11400.9111328125, -101.22736
11413.1176757813, -98.47118
11425.3242187500, -99.33861
11437.5307617188, -102.35242
11449.7373046875, -100.89992
11461.9438476563, -102.24282
11474.1503906250, -101.54314
11486.3569335938, -102.04567
11498.5634765625, -101.59739
11510.7700195313, -101.60469
11522.9765625000, -101.49403
11535.1831054688, -101.84172
11547.3896484375, -101.28373
11559.5961914063, -101.80424
11571.8027343750, -101.99138
11584.0092773438, -102.72616
11596.2158203125, -101.90792
11608.4223632813, -101.49269
11620.6289062500, -101.86871
11632.8354492188, -102.25668
11645.0419921875, -101.27495
11657.2485351563, -101.71901
11669.4550781250, -103.20254
11681.6616210938, -101.59996
11693.8681640625, -101.29872
11706.0747070313, -102.47183
11718.2812500000, -102.36031
11730.4877929688, -102.79091
11742.6943359375, -102.30409
11754.9008789063, -102.10497
11767.1074218750, -102.14439
11779.3139648438, -102.40039
11791.5205078125, -102.23881
11803.7270507813, -102.30278
11815.9335937500, -101.96915
11828.1401367188, -102.43603
11840.3466796875, -103.39697
11852.5532226563, -101.85407
11864.7597656250, -102.61725
11876.9663085938, -102.90823
11889.1728515625, -102.31383
11901.3793945313, -102.96563
11913.5859375000, -102.47765
11925.7924804688, -100.96840
11937.9990234375, -101.06066
11950.2055664063, -102.35480
11962.4121093750, -103.24172
11974.6186523438, -102.70048
11986.8251953125, -102.78670
11999.0317382813, -101.69796
12011.2382812500, -101.32521
12023.4448242188, -102.13538
12035.6513671875, -101.69299
12047.8579101563, -102.07528
12060.0644531250, -101.92066
12072.2709960938, -102.95262
12084.4775390625, -102.08959
12096.6840820313, -102.87852
12108.8906250000, -102.27145
12121.0971679688, -102.81239
12133.3037109375, -102.53149
12145.5102539063, -101.51548
12157.7167968750, -102.08345
12169.9233398438, -102.95036
12182.1298828125, -101.80739
12194.3364257813, -100.68603
12206.5429687500, -101.38483
12218.7495117188, -100.99228
12230.9560546875, -101.90357
12243.1625976563, -102.37243
12255.3691406250, -102.18292
12267.5756835938, -102.16026
12279.7822265625, -102.74486
12291.9887695313, -101.96912
12304.1953125000, -101.97783
12316.4018554688, -101.72139
12328.6083984375, -102.21751
12340.8149414063, -101.96288
12353.0214843750, -101.77514
12365.2280273438, -101.04211
12377.4345703125, -102.14940
12389.6411132813, -102.08568
12401.8476562500, -101.72966
12414.0541992188, -102.90139
12426.2607421875, -102.80682
12438.4672851563, -102.16697
12450.6738281250, -101.47065
12462.8803710938, -102.53733
12475.0869140625, -101.65912
12487.2934570313, -101.79124
12499.5000000000, -101.68858
12511.7065429688, -102.35948
12523.9130859375, -102.69033
12536.1196289063, -102.24295
12548.3261718750, -101.77217
12560.5327148438, -102.10103
12572.7392578125, -102.56492
12584.9458007813, -103.59707
12597.1523437500, -102.98643
12609.3588867188, -101.68696
12621.5654296875, -101.80569
12633.7719726563, -102.62794
12645.9785156250, -102.23000
12658.1850585938, -101.65747
12670.3916015625, -101.29177
12682.5981445313, -98.39305
12694.8046875000, -99.18437
12707.0112304688, -102.13276
12719.2177734375, -101.40907
12731.4243164063, -101.92601
12743.6308593750, -102.66243
12755.8374023438, -102.24552
12768.0439453125, -101.62674
12780.2504882813, -101.75358
12792.4570312500, -102.09067
12804.6635742188, -101.81925
12816.8701171875, -102.51958
12829.0766601563, -101.63422
12841.2832031250, -102.09433
12853.4897460938, -102.06320
12865.6962890625, -102.37751
12877.9028320313, -103.18016
12890.1093750000, -103.03096
12902.3159179688, -101.25423
12914.5224609375, -101.03585
12926.7290039063, -102.53382
12938.9355468750, -103.08001
12951.1420898438, -102.68144
12963.3486328125, -102.12999
12975.5551757813, -101.82437
12987.7617187500, -102.62359
12999.9682617188, -102.23355
13012.1748046875, -102.37354
13024.3813476563, -101.35543
13036.5878906250, -101.17739
13048.7944335938, -101.32618
13061.0009765625, -103.01171
13073.2075195313, -101.89319
13085.4140625000, -102.31152
13097.6206054688, -102.35472
13109.8271484375, -102.28367
13122.0336914063, -101.58400
13134.2402343750, -101.26249
13146.4467773438, -101.41185
13158.6533203125, -102.33743
13170.8598632813, -102.56690
13183.0664062500, -103.23717
13195.2729492188, -102.49214
13207.4794921875, -102.25282
13219.6860351563, -101.67513
13231.8925781250, -102.49574
13244.0991210938, -102.40644
13256.3056640625, -102.12114
13268.5122070313, -102.10567
13280.7187500000, -101.78218
13292.9252929688, -102.28359
13305.1318359375, -101.98385
13317.3383789063, -101.25564
13329.5449218750, -101.44707
13341.7514648438, -101.47827
13353.9580078125, -102.38079
13366.1645507813, -102.49007
13378.3710937500, -102.17452
13390.5776367188, -102.38146
13402.7841796875, -102.00292
13414.9907226563, -102.08518
13427.1972656250, -102.46880
13439.4038085938, -101.76650
13451.6103515625, -102.19392
13463.8168945313, -102.19039
13476.0234375000, -101.94623
13488.2299804688, -102.42441
13500.4365234375, -102.24739
13512.6430664063, -102.68438
13524.8496093750, -103.20454
13537.0561523438, -102.62293
13549.2626953125, -102.65949
13561.4692382813, -102.83321
13573.6757812500, -102.62110
13585.8823242188, -101.92389
13598.0888671875, -102.03170
13610.2954101563, -101.50308
13622.5019531250, -101.38721
13634.7084960938, -101.22481
13646.9150390625, -101.71401
13659.1215820313, -102.02019
13671.3281250000, -103.00388
13683.5346679688, -102.26941
13695.7412109375, -102.08198
13707.9477539063, -103.13378
13720.1542968750, -103.00000
13732.3608398438, -103.11135
13744.5673828125, -102.32185
13756.7739257813, -101.64262
13768.9804687500, -101.57234
13781.1870117188, -101.33886
13793.3935546875, -101.27129
13805.6000976563, -102.34456
13817.8066406250, -103.14857
13830.0131835938, -102.99405
13842.2197265625, -102.31584
13854.4262695313, -101.82159
13866.6328125000, -101.70651
13878.8393554688, -102.37085
13891.0458984375, -102.54466
13903.2524414063, -102.55041
13915.4589843750, -102.19872
13927.6655273438, -102.30488
13939.8720703125, -101.34542
13952.0786132813, -97.49369
13964.2851562500, -99.17580
13976.4916992188, -101.35264
13988.6982421875, -101.28789
14000.9047851563, -102.11892
14013.1113281250, -102.03695
14025.3178710938, -101.70134
14037.5244140625, -101.71474
14049.7309570313, -102.84828
14061.9375000000, -101.91393
14074.1440429688, -101.33366
14086.3505859375, -101.82814
14098.5571289063, -102.73716
14110.7636718750, -101.83813
14122.9702148438, -101.18594
14135.1767578125, -103.09471
14147.3833007813, -101.84786
14159.5898437500, -101.67581
14171.7963867188, -101.84612
14184.0029296875, -101.59606
14196.2094726563, -101.39067
14208.4160156250, -101.54977
14220.6225585938, -101.52244
14232.8291015625, -101.70247
14245.0356445313, -101.36551
14257.2421875000, -102.02699
14269.4487304688, -102.33053
14281.6552734375, -100.89853
14293.8618164063, -91.42242
14306.0683593750, -91.90311
14318.2749023438, -101.44395
14330.4814453125, -101.11213
14342.6879882813, -101.69935
14354.8945312500, -101.71709
14367.1010742188, -101.25824
14379.3076171875, -100.31243
14391.5141601563, -101.04632
14403.7207031250, -102.05191
14415.9272460938, -102.04233
14428.1337890625, -101.80484
14440.3403320313, -101.36587
14452.5468750000, -101.87218
14464.7534179688, -101.46363
14476.9599609375, -101.67093
14489.1665039063, -102.26113
14501.3730468750, -102.47859
14513.5795898438, -101.97054
14525.7861328125, -102.40217
14537.9926757813, -101.10970
14550.1992187500, -101.41659
14562.4057617188, -101.57723
14574.6123046875, -101.15846
14586.8188476563, -101.56000
14599.0253906250, -101.58825
14611.2319335938, -101.78735
14623.4384765625, -101.95852
14635.6450195313, -101.64992
14647.8515625000, -101.53392
14660.0581054688, -100.82129
14672.2646484375, -100.29675
14684.4711914063, -101.13104
14696.6777343750, -101.94050
14708.8842773438, -101.21123
14721.0908203125, -102.09506
14733.2973632813, -101.60374
14745.5039062500, -101.39070
14757.7104492188, -101.52653
14769.9169921875, -101.89594
14782.1235351563, -101.77146
14794.3300781250, -101.47583
14806.5366210938, -101.16303
14818.7431640625, -101.44529
14830.9497070313, -101.82813
14843.1562500000, -101.49424
14855.3627929688, -100.90335
14867.5693359375, -101.33243
14879.7758789063, -102.02857
14891.9824218750, -101.94312
14904.1889648438, -100.75346
14916.3955078125, -100.82373
14928.6020507813, -100.96640
14940.8085937500, -100.47910
14953.0151367188, -101.41565
14965.2216796875, -101.33657
14977.4282226563, -100.47414
14989.6347656250, -101.46844
15001.8413085938, -101.85186
15014.0478515625, -101.79852
15026.2543945313, -99.97371
15038.4609375000, -99.76825
15050.6674804688, -101.23955
15062.8740234375, -101.30138
15075.0805664063, -100.92693
15087.2871093750, -100.64528
15099.4936523438, -100.46993
15111.7001953125, -100.88749
15123.9067382813, -101.19387
15136.1132812500, -100.52224
15148.3198242188, -100.29970
15160.5263671875, -100.85236
15172.7329101563, -100.84823
15184.9394531250, -100.50830
15197.1459960938, -100.80610
15209.3525390625, -99.62455
15221.5590820313, -94.28300
15233.7656250000, -96.98451
15245.9721679688, -100.57595
15258.1787109375, -101.24323
15270.3852539063, -101.37530
15282.5917968750, -101.69782
15294.7983398438, -101.33353
15307.0048828125, -101.37922
15319.2114257813, -100.47973
15331.4179687500, -100.37667
15343.6245117188, -100.96925
15355.8310546875, -101.19545
15368.0375976563, -99.88600
15380.2441406250, -99.28820
15392.4506835938, -100.08349
15404.6572265625, -100.86820
15416.8637695313, -100.18198
15429.0703125000, -100.32842
15441.2768554688, -99.52100
15453.4833984375, -98.64244
15465.6899414063, -99.06096
15477.8964843750, -98.99849
15490.1030273438, -99.10251
15502.3095703125, -99.90332
15514.5161132813, -99.39008
15526.7226562500, -99.67899
15538.9291992188, -99.12846
15551.1357421875, -98.01935
15563.3422851563, -98.88571
15575.5488281250, -98.96010
15587.7553710938, -98.37881
15599.9619140625, -98.17892
15612.1684570313, -99.81470
15624.3750000000, -99.33332
15636.5815429688, -98.65831
15648.7880859375, -99.91745
15660.9946289063, -98.65012
15673.2011718750, -99.00524
15685.4077148438, -98.02835
15697.6142578125, -98.31578
15709.8208007813, -98.51334
15722.0273437500, -98.15588
15734.2338867188, -96.64154
15746.4404296875, -96.92867
15758.6469726563, -97.96891
15770.8535156250, -97.59281
15783.0600585938, -96.55097
15795.2666015625, -96.01244
15807.4731445313, -97.26114
15819.6796875000, -97.40751
15831.8862304688, -96.89085
15844.0927734375, -95.97018
15856.2993164063, -94.83875
15868.5058593750, -96.00125
15880.7124023438, -95.32866
15892.9189453125, -94.56906
15905.1254882813, -94.66723
15917.3320312500, -94.85219
15929.5385742188, -94.12091
15941.7451171875, -92.35550
15953.9516601563, -94.38725
15966.1582031250, -95.03634
15978.3647460938, -94.54843
15990.5712890625, -94.22424
16002.7778320313, -94.74105
16014.9843750000, -93.67300
16027.1909179688, -92.70039
16039.3974609375, -92.81685
16051.6040039063, -92.80333
16063.8105468750, -92.87238
16076.0170898438, -92.91372
16088.2236328125, -91.84043
16100.4301757813, -93.14005
16112.6367187500, -92.45909
16124.8432617188, -91.84991
16137.0498046875, -91.33900
16149.2563476563, -91.44255
16161.4628906250, -91.83010
16173.6694335938, -91.98668
16185.8759765625, -90.76559
16198.0825195313, -90.44565
16210.2890625000, -91.98926
16222.4956054688, -90.84393
16234.7021484375, -90.03170
16246.9086914063, -90.34199
16259.1152343750, -90.16511
16271.3217773438, -89.77593
16283.5283203125, -89.68846
16295.7348632813, -89.61507
16307.9414062500, -90.77417
16320.1479492188, -90.56644
16332.3544921875, -89.44589
16344.5610351563, -88.71154
16356.7675781250, -90.33275
16368.9741210938, -90.20146
16381.1806640625, -89.92363
16393.3872070313, -89.28043
16405.5937500000, -89.92935
16417.8002929688, -89.53460
16430.0068359375, -90.09742
16442.2133789063, -89.98731
16454.4199218750, -89.22269
16466.6264648438, -90.03436
16478.8330078125, -87.34276
16491.0395507813, -82.29175
16503.2460937500, -85.25183
16515.4526367188, -88.99416
16527.6591796875, -88.97863
16539.8657226563, -89.53770
16552.0722656250, -88.81845
16564.2788085938, -88.65059
16576.4853515625, -88.39279
16588.6918945313, -89.41947
16600.8984375000, -89.59304
16613.1049804688, -88.73490
16625.3115234375, -87.72344
16637.5180664063, -88.45745
16649.7246093750, -88.04436
16661.9311523438, -88.51560
16674.1376953125, -88.35169
16686.3442382813, -88.42364
16698.5507812500, -89.42010
16710.7573242188, -89.73082
16722.9638671875, -88.44790
16735.1704101563, -89.10257
16747.3769531250, -89.83576
16759.5834960938, -88.90088
16771.7900390625, -88.58800
16783.9965820313, -88.94739
16796.2031250000, -88.22191
16808.4096679688, -88.76345
16820.6162109375, -88.19542
16832.8227539063, -88.16643
16845.0292968750, -89.24522
16857.2358398438, -89.05879
16869.4423828125, -88.68706
16881.6489257813, -89.67203
16893.8554687500, -89.74055
16906.0620117188, -89.85464
16918.2685546875, -91.07197
16930.4750976563, -90.85575
16942.6816406250, -89.19421
16954.8881835938, -91.85502
16967.0947265625, -92.20775
16979.3012695313, -91.18191
16991.5078125000, -92.10921
17003.7143554688, -92.64582
17015.9208984375, -93.69022
17028.1274414063, -93.32311
17040.3339843750, -93.94872
17052.5405273438, -94.08083
17064.7470703125, -94.45625
17076.9536132813, -95.24839
17089.1601562500, -93.98141
17101.3666992188, -94.43638
17113.5732421875, -94.77813
17125.7797851563, -94.69787
17137.9863281250, -94.39701
17150.1928710938, -94.27817
17162.3994140625, -94.88818
17174.6059570313, -95.69990
17186.8125000000, -97.53497
17199.0190429688, -96.95806
17211.2255859375, -96.78539
17223.4321289063, -96.17276
17235.6386718750, -96.19563
17247.8452148438, -95.76966
17260.0517578125, -97.09972
17272.2583007813, -96.75804
17284.4648437500, -95.79213
17296.6713867188, -96.62397
17308.8779296875, -97.77013
17321.0844726563, -96.94702
17333.2910156250, -96.80607
17345.4975585938, -97.58099
17357.7041015625, -97.33095
17369.9106445313, -97.53630
17382.1171875000, -99.00538
17394.3237304688, -97.87921
17406.5302734375, -97.58543
17418.7368164063, -97.85194
17430.9433593750, -98.18034
17443.1499023438, -97.50532
17455.3564453125, -97.42756
17467.5629882813, -98.22248
17479.7695312500, -97.95063
17491.9760742188, -98.22010
17504.1826171875, -98.88666
17516.3891601563, -98.14944
17528.5957031250, -99.07465
17540.8022460938, -98.50891
17553.0087890625, -98.15648
17565.2153320313, -98.90170
17577.4218750000, -99.11339
17589.6284179688, -99.21917
17601.8349609375, -98.89744
17614.0415039063, -98.67871
17626.2480468750, -99.27410
17638.4545898438, -97.65335
17650.6611328125, -98.33614
17662.8676757813, -99.17806
17675.0742187500, -99.94588
17687.2807617188, -100.11576
17699.4873046875, -100.37274
17711.6938476563, -100.97221
17723.9003906250, -99.79165
17736.1069335938, -99.91866
17748.3134765625, -98.85057
17760.5200195313, -96.80183
17772.7265625000, -99.30431
17784.9331054688, -100.21846
17797.1396484375, -101.73935
17809.3461914063, -101.03562
17821.5527343750, -100.28428
17833.7592773438, -99.91745
17845.9658203125, -99.46762
17858.1723632813, -99.90485
17870.3789062500, -101.60987
17882.5854492188, -101.92144
17894.7919921875, -101.05351
17906.9985351563, -100.83408
17919.2050781250, -101.19716
17931.4116210938, -99.09814
17943.6181640625, -99.20152
17955.8247070313, -100.76471
17968.0312500000, -101.24748
17980.2377929688, -101.50796
17992.4443359375, -101.15286
18004.6508789063, -100.51840
18016.8574218750, -100.77552
18029.0639648438, -96.78449
18041.2705078125, -96.21538
18053.4770507813, -100.95499
18065.6835937500, -102.46777
18077.8901367188, -101.76124
18090.0966796875, -101.57387
18102.3032226563, -101.08584
18114.5097656250, -101.19008
18126.7163085938, -100.25288
18138.9228515625, -99.66059
18151.1293945313, -100.48475
18163.3359375000, -99.60167
18175.5424804688, -101.33621
18187.7490234375, -100.27138
18199.9555664063, -101.38139
18212.1621093750, -100.98965
18224.3686523438, -102.16027
18236.5751953125, -101.61640
18248.7817382813, -99.00483
18260.9882812500, -100.80862
18273.1948242188, -101.30797
18285.4013671875, -101.39076
18297.6079101563, -101.00820
18309.8144531250, -100.89052
18322.0209960938, -101.46151
18334.2275390625, -101.71223
18346.4340820313, -100.63661
18358.6406250000, -100.74099
18370.8471679688, -101.47170
18383.0537109375, -102.28300
18395.2602539063, -101.90452
18407.4667968750, -100.59625
18419.6733398438, -101.19023
18431.8798828125, -101.28409
18444.0864257813, -101.70677
18456.2929687500, -101.82910
18468.4995117188, -100.53662
18480.7060546875, -100.36302
18492.9125976563, -101.43993
18505.1191406250, -101.73354
18517.3256835938, -101.81499
18529.5322265625, -102.71663
18541.7387695313, -101.67481
18553.9453125000, -101.13848
18566.1518554688, -101.53978
18578.3583984375, -101.90690
18590.5649414063, -102.00582
18602.7714843750, -101.71695
18614.9780273438, -102.07172
18627.1845703125, -101.70484
18639.3911132813, -100.65881
18651.5976562500, -100.81228
18663.8041992188, -100.89168
18676.0107421875, -101.68424
18688.2172851563, -101.69641
18700.4238281250, -102.20512
18712.6303710938, -101.64066
18724.8369140625, -101.32969
18737.0434570313, -102.34416
18749.2500000000, -102.05785
18761.4565429688, -101.62571
18773.6630859375, -102.19668
18785.8696289063, -102.65349
18798.0761718750, -101.45122
18810.2827148438, -102.12407
18822.4892578125, -102.05297
18834.6958007813, -102.20756
18846.9023437500, -101.73334
18859.1088867188, -102.35974
18871.3154296875, -101.60397
18883.5219726563, -101.72591
18895.7285156250, -102.42455
18907.9350585938, -101.69451
18920.1416015625, -102.05743
18932.3481445313, -101.22166
18944.5546875000, -102.19193
18956.7612304688, -101.99340
18968.9677734375, -102.19286
18981.1743164063, -102.71354
18993.3808593750, -102.06000
19005.5874023438, -102.30670
19017.7939453125, -102.06815
19030.0004882813, -101.62912
19042.2070312500, -101.10827
19054.4135742188, -101.65325
19066.6201171875, -101.64786
19078.8266601563, -100.97559
19091.0332031250, -102.07890
19103.2397460938, -102.51921
19115.4462890625, -103.18177
19127.6528320313, -102.57961
19139.8593750000, -102.56939
19152.0659179688, -101.62186
19164.2724609375, -102.25361
19176.4790039063, -102.49866
19188.6855468750, -101.57947
19200.8920898438, -101.95960
19213.0986328125, -102.14398
19225.3051757813, -101.89619
19237.5117187500, -101.52236
19249.7182617188, -102.33738
19261.9248046875, -103.19834
19274.1313476563, -103.34783
19286.3378906250, -101.89833
19298.5444335938, -101.44718
19310.7509765625, -101.52961
19322.9575195313, -102.10141
19335.1640625000, -102.25309
19347.3706054688, -102.92685
19359.5771484375, -101.92296
19371.7836914063, -102.51383
19383.9902343750, -101.76178
19396.1967773438, -101.83997
19408.4033203125, -101.91726
19420.6098632813, -101.44618
19432.8164062500, -102.43731
19445.0229492188, -102.51724
19457.2294921875, -102.59482
19469.4360351563, -102.13110
19481.6425781250, -102.45474
19493.8491210938, -103.65376
19506.0556640625, -102.70338
19518.2622070313, -103.40965
19530.4687500000, -102.78001
19542.6752929688, -102.59003
19554.8818359375, -101.56962
19567.0883789063, -102.14892
19579.2949218750, -101.64500
19591.5014648438, -102.76071
19603.7080078125, -102.61191
19615.9145507813, -102.50321
19628.1210937500, -103.00706
19640.3276367188, -103.37371
19652.5341796875, -102.93893
19664.7407226563, -103.13795
19676.9472656250, -102.95671
19689.1538085938, -102.22104
19701.3603515625, -102.14690
19713.5668945313, -101.82341
19725.7734375000, -103.29891
19737.9799804688, -103.83659
19750.1865234375, -102.94493
19762.3930664063, -103.03089
19774.5996093750, -104.46058
19786.8061523438, -102.69220
19799.0126953125, -102.69728
19811.2192382813, -102.55740
19823.4257812500, -102.10440
19835.6323242188, -102.32529
19847.8388671875, -102.44031
19860.0454101563, -102.50380
19872.2519531250, -102.55970
19884.4584960938, -101.93748
19896.6650390625, -101.82990
19908.8715820313, -102.76877
19921.0781250000, -102.30848
19933.2846679688, -102.09960
19945.4912109375, -102.10519
19957.6977539063, -102.54628
19969.9042968750, -101.66408
19982.1108398438, -102.61737
19994.3173828125, -103.13092
20006.5239257813, -102.69772
20018.7304687500, -103.08566
20030.9370117188, -103.51879
20043.1435546875, -103.19239
20055.3500976563, -102.46156
20067.5566406250, -102.32445
20079.7631835938, -102.15337
20091.9697265625, -102.26047
20104.1762695313, -102.29872
20116.3828125000, -102.42162
20128.5893554688, -101.59771
20140.7958984375, -102.02484
20153.0024414063, -102.27419
20165.2089843750, -102.46387
20177.4155273438, -102.85317
20189.6220703125, -102.81481
20201.8286132813, -102.00667
20214.0351562500, -101.20449
20226.2416992188, -101.62066
20238.4482421875, -103.03750
20250.6547851563, -102.63368
20262.8613281250, -101.96784
20275.0678710938, -102.74604
20287.2744140625, -102.43293
20299.4809570313, -102.10777
20311.6875000000, -102.05671
20323.8940429688, -102.64157
20336.1005859375, -102.56862
20348.3071289063, -102.58718
20360.5136718750, -102.92411
20372.7202148438, -103.00130
20384.9267578125, -102.63861
20397.1333007813, -101.55057
20409.3398437500, -102.71699
20421.5463867188, -102.28302
20433.7529296875, -102.00362
20445.9594726563, -102.35079
20458.1660156250, -102.11866
20470.3725585938, -102.35940
20482.5791015625, -101.93894
20494.7856445313, -102.71097
20506.9921875000, -102.61617
20519.1987304688, -102.82345
20531.4052734375, -102.38338
20543.6118164063, -101.47395
20555.8183593750, -101.53900
20568.0249023438, -102.06264
20580.2314453125, -102.42607
20592.4379882813, -101.99046
20604.6445312500, -102.37183
20616.8510742188, -101.22296
20629.0576171875, -101.91498
20641.2641601563, -102.11417
20653.4707031250, -102.60326
20665.6772460938, -103.43453
20677.8837890625, -103.51877
20690.0903320313, -102.62339
20702.2968750000, -102.57853
20714.5034179688, -103.36547
20726.7099609375, -102.44723
20738.9165039063, -102.39406
20751.1230468750, -102.92029
20763.3295898438, -102.63321
20775.5361328125, -101.88307
20787.7426757813, -101.86861
20799.9492187500, -101.98303
20812.1557617188, -102.40290
20824.3623046875, -102.30348
20836.5688476563, -102.15596
20848.7753906250, -102.27395
20860.9819335938, -101.84590
20873.1884765625, -103.25261
20885.3950195313, -103.22496
20897.6015625000, -102.64275
20909.8081054688, -102.83678
20922.0146484375, -103.23365
20934.2211914063, -102.72469
20946.4277343750, -101.95016
20958.6342773438, -101.67642
20970.8408203125, -102.96094
20983.0473632813, -103.92177
20995.2539062500, -103.78044
21007.4604492188, -102.77623
21019.6669921875, -103.05502
21031.8735351563, -103.77055
21044.0800781250, -103.46787
21056.2866210938, -102.52105
21068.4931640625, -103.11045
21080.6997070313, -102.72413
21092.9062500000, -103.27988
21105.1127929688, -103.10391
21117.3193359375, -102.25703
21129.5258789063, -103.03262
21141.7324218750, -102.24720
21153.9389648438, -102.03630
21166.1455078125, -101.73951
21178.3520507813, -102.60178
21190.5585937500, -102.52972
21202.7651367188, -102.62415
21214.9716796875, -102.10793
21227.1782226563, -102.14904
21239.3847656250, -101.57976
21251.5913085938, -101.53729
21263.7978515625, -102.29188
21276.0043945313, -102.59259
21288.2109375000, -103.54562
21300.4174804688, -102.56301
21312.6240234375, -102.56376
21324.8305664063, -101.78380
21337.0371093750, -102.12934
21349.2436523438, -102.66291
21361.4501953125, -103.07611
21373.6567382813, -102.26351
21385.8632812500, -102.53171
21398.0698242188, -102.84630
21410.2763671875, -102.04833
21422.4829101563, -102.86522
21434.6894531250, -102.77361
21446.8959960938, -102.63556
21459.1025390625, -102.56347
21471.3090820313, -103.06495
21483.5156250000, -102.53165
21495.7221679688, -102.15748
21507.9287109375, -101.86802
21520.1352539063, -101.58914
21532.3417968750, -102.59287
21544.5483398438, -103.25380
21556.7548828125, -103.65959
21568.9614257813, -103.08151
21581.1679687500, -101.88871
21593.3745117188, -101.98468
21605.5810546875, -102.49872
21617.7875976563, -102.69937
21629.9941406250, -102.65060
21642.2006835938, -100.90841
21654.4072265625, -101.51462
21666.6137695313, -102.19726
21678.8203125000, -102.80006
21691.0268554688, -103.06321
21703.2333984375, -101.89847
21715.4399414063, -102.39688
21727.6464843750, -102.83190
21739.8530273438, -102.87042
21752.0595703125, -101.70849
21764.2661132813, -103.08026
21776.4726562500, -102.27974
21788.6791992188, -102.21165
21800.8857421875, -103.44977
21813.0922851563, -103.45529
21825.2988281250, -102.46462
21837.5053710938, -102.64774
21849.7119140625, -103.33343
21861.9184570313, -103.17891
21874.1250000000, -102.67090
21886.3315429688, -102.22570
21898.5380859375, -102.29275
21910.7446289063, -103.06634
21922.9511718750, -102.44585
21935.1577148438, -102.40800
21947.3642578125, -103.98015
21959.5708007813, -102.73183
21971.7773437500, -102.55729
21983.9838867188, -102.54058
21996.1904296875, -102.53711
22008.3969726563, -102.26465
22020.6035156250, -103.24781
22032.8100585938, -104.08938
22045.0166015625, -102.30866
22057.2231445313, -102.08484
22069.4296875000, -102.56902
22081.6362304688, -102.62975
22093.8427734375, -102.20173
22106.0493164063, -102.36858
22118.2558593750, -103.06205
22130.4624023438, -102.96422
22142.6689453125, -102.64301
22154.8754882813, -103.27889
22167.0820312500, -102.43849
22179.2885742188, -102.38154
22191.4951171875, -102.92127
22203.7016601563, -102.65193
22215.9082031250, -102.42350
22228.1147460938, -101.82297
22240.3212890625, -103.18849
22252.5278320313, -102.23715
22264.7343750000, -101.72675
22276.9409179688, -102.44694
22289.1474609375, -101.75206
22301.3540039063, -101.76465
22313.5605468750, -102.26675
22325.7670898438, -102.31568
22337.9736328125, -102.43675
22350.1801757813, -103.33879
22362.3867187500, -102.68681
22374.5932617188, -102.65414
22386.7998046875, -102.53085
22399.0063476563, -102.83774
22411.2128906250, -103.17174
22423.4194335938, -102.73999
22435.6259765625, -103.27329
22447.8325195313, -102.59206
22460.0390625000, -103.17490
22472.2456054688, -103.61681
22484.4521484375, -102.80983
22496.6586914063, -102.41062
22508.8652343750, -102.52566
22521.0717773438, -102.67637
22533.2783203125, -103.25992
22545.4848632813, -103.17907
22557.6914062500, -102.77539
22569.8979492188, -103.23638
22582.1044921875, -102.61609
22594.3110351563, -102.92313
22606.5175781250, -102.77344
22618.7241210938, -102.55599
22630.9306640625, -102.18027
22643.1372070313, -102.11603
22655.3437500000, -103.24166
22667.5502929688, -103.62290
22679.7568359375, -103.13862
22691.9633789063, -102.60270
22704.1699218750, -103.28528
22716.3764648438, -103.12906
22728.5830078125, -102.05026
22740.7895507813, -102.33776
22752.9960937500, -103.90024
22765.2026367188, -103.17566
22777.4091796875, -102.85396
22789.6157226563, -103.03285
22801.8222656250, -102.46371
22814.0288085938, -103.11584
22826.2353515625, -103.56934
22838.4418945313, -102.26531
22850.6484375000, -102.78759
22862.8549804688, -103.10029
22875.0615234375, -102.43565
22887.2680664063, -103.05612
22899.4746093750, -102.95229
22911.6811523438, -103.55849
22923.8876953125, -102.46854
22936.0942382813, -101.88722
22948.3007812500, -103.03548
22960.5073242188, -102.67379
22972.7138671875, -102.29786
22984.9204101563, -102.89652
22997.1269531250, -102.70140
23009.3334960938, -103.08151
23021.5400390625, -103.10760
23033.7465820313, -103.09984
23045.9531250000, -102.51046
23058.1596679688, -103.23019
23070.3662109375, -102.71921
23082.5727539063, -102.86718
23094.7792968750, -103.32355
23106.9858398438, -102.90233
23119.1923828125, -102.54198
23131.3989257813, -102.18605
23143.6054687500, -103.23235
23155.8120117188, -103.20218
23168.0185546875, -102.05953
23180.2250976563, -102.22039
23192.4316406250, -102.00540
23204.6381835938, -102.30262
23216.8447265625, -103.49040
23229.0512695313, -103.85052
23241.2578125000, -102.81951
23253.4643554688, -102.60547
23265.6708984375, -102.72216
23277.8774414063, -101.91070
23290.0839843750, -101.73509
23302.2905273438, -102.41420
23314.4970703125, -103.24810
23326.7036132813, -102.44589
23338.9101562500, -102.99783
23351.1166992188, -103.29793
23363.3232421875, -103.21175
23375.5297851563, -102.29220
23387.7363281250, -103.37644
23399.9428710938, -102.57391
23412.1494140625, -102.94861
23424.3559570313, -102.93188
23436.5625000000, -103.25193
23448.7690429688, -102.84475
23460.9755859375, -102.96022
23473.1821289063, -102.98746
23485.3886718750, -103.33805
23497.5952148438, -102.93753
23509.8017578125, -103.27155
23522.0083007813, -102.88825
23534.2148437500, -103.69567
23546.4213867188, -102.29217
23558.6279296875, -103.19054
23570.8344726563, -103.05619
23583.0410156250, -103.26896
23595.2475585938, -102.30609
23607.4541015625, -103.73588
23619.6606445313, -102.54226
23631.8671875000, -101.81855
23644.0737304688, -102.61059
23656.2802734375, -102.38912
23668.4868164063, -102.79642
23680.6933593750, -102.17949
23692.8999023438, -103.02795
23705.1064453125, -103.56538
23717.3129882813, -103.36309
23729.5195312500, -102.37007
23741.7260742188, -102.07578
23753.9326171875, -102.33326
23766.1391601563, -103.67140
23778.3457031250, -103.57081
23790.5522460938, -103.58787
23802.7587890625, -103.21666
23814.9653320313, -103.10001
23827.1718750000, -103.31799
23839.3784179688, -102.55690
23851.5849609375, -103.31778
23863.7915039063, -103.52518
23875.9980468750, -102.86010
23888.2045898438, -103.91731
23900.4111328125, -102.95260
23912.6176757813, -103.26666
23924.8242187500, -103.07008
23937.0307617188, -103.32259
23949.2373046875, -102.81754
23961.4438476563, -102.25233
23973.6503906250, -102.14511
23985.8569335938, -102.44723
23998.0634765625, -102.52062
24010.2700195313, -103.20940
24022.4765625000, -103.61337
24034.6831054688, -103.11411
24046.8896484375, -102.84938
24059.0961914063, -102.40890
24071.3027343750, -101.69458
24083.5092773438, -102.45917
24095.7158203125, -102.52514
24107.9223632813, -102.66431
24120.1289062500, -103.03152
24132.3354492188, -102.80608
24144.5419921875, -103.34023
24156.7485351563, -102.92070
24168.9550781250, -103.27015
24181.1616210938, -102.21939
24193.3681640625, -102.62019
24205.5747070313, -103.02501
24217.7812500000, -103.44970
24229.9877929688, -103.30075
24242.1943359375, -102.98700
24254.4008789063, -103.11963
24266.6074218750, -102.70332
24278.8139648438, -103.21572
24291.0205078125, -103.18377
24303.2270507813, -102.36050
24315.4335937500, -103.49030
24327.6401367188, -103.23469
24339.8466796875, -102.02094
24352.0532226563, -103.23042
24364.2597656250, -104.15035
24376.4663085938, -103.24749
24388.6728515625, -103.94503
24400.8793945313, -103.13471
24413.0859375000, -103.67395
24425.2924804688, -102.14357
24437.4990234375, -102.12654
24449.7055664063, -103.67452
24461.9121093750, -103.10282
24474.1186523438, -102.77053
24486.3251953125, -103.82031
24498.5317382813, -103.26335
24510.7382812500, -103.03213
24522.9448242188, -102.80103
24535.1513671875, -102.46557
24547.3579101563, -102.42981
24559.5644531250, -102.44168
24571.7709960938, -102.61606
24583.9775390625, -102.86250
24596.1840820313, -102.37216
24608.3906250000, -102.77315
24620.5971679688, -102.96199
24632.8037109375, -102.22816
24645.0102539063, -102.72583
24657.2167968750, -103.77428
24669.4233398438, -102.01442
24681.6298828125, -102.69175
24693.8364257813, -102.17788
24706.0429687500, -102.35736
24718.2495117188, -103.49014
24730.4560546875, -102.78856
24742.6625976563, -102.68833
24754.8691406250, -102.47113
24767.0756835938, -102.78929
24779.2822265625, -103.53273
24791.4887695313, -101.62878
24803.6953125000, -101.77136
24815.9018554688, -101.86272
24828.1083984375, -102.42781
24840.3149414063, -102.47805
24852.5214843750, -102.56604
24864.7280273438, -102.98196
24876.9345703125, -103.79215
24889.1411132813, -102.48512
24901.3476562500, -102.38639
24913.5541992188, -102.47530
24925.7607421875, -102.79432
24937.9672851563, -104.62505
24950.1738281250, -103.55900
24962.3803710938, -103.59595
24974.5869140625, -103.52811
24986.7934570313, -106.42497
