0.0000000000, -43.04717
12.2065429688, -46.05970
24.4130859375, -75.78675
36.6196289063, -73.47309
48.8261718750, -68.19584
61.0327148438, -73.09979
73.2392578125, -78.44071
85.4458007813, -88.97556
97.6523437500, -85.64908
109.8588867188, -87.70130
122.0654296875, -81.99771
134.2719726563, -79.07851
146.4785156250, -71.93638
158.6850585938, -74.23395
170.8916015625, -85.60171
183.0981445313, -90.96154
195.3046875000, -89.20010
207.5112304688, -90.87415
219.7177734375, -90.14910
231.9243164063, -85.85271
244.1308593750, -80.22105
256.3374023438, -80.15491
268.5439453125, -90.88194
280.7504882813, -93.27584
292.9570312500, -92.73021
305.1635742188, -93.16590
317.3701171875, -93.93681
329.5766601563, -92.43239
341.7832031250, -85.53568
353.9897460938, -83.86962
366.1962890625, -92.30172
378.4028320313, -93.85174
390.6093750000, -94.90631
402.8159179688, -94.49025
415.0224609375, -94.33125
427.2290039063, -94.63524
439.4355468750, -89.34325
451.6420898438, -84.93209
463.8486328125, -91.61388
476.0551757813, -95.98669
488.2617187500, -94.36787
500.4682617188, -93.10880
512.6748046875, -92.14200
524.8813476563, -93.23340
537.0878906250, -92.75325
549.2944335938, -92.52674
561.5009765625, -95.12256
573.7075195313, -94.91202
585.9140625000, -95.74659
598.1206054688, -95.57128
610.3271484375, -96.04548
622.5336914063, -95.43886
634.7402343750, -95.30955
646.9467773438, -92.53055
659.1533203125, -93.05086
671.3598632813, -95.38735
683.5664062500, -94.67046
695.7729492188, -95.59440
707.9794921875, -96.89698
720.1860351563, -96.71026
732.3925781250, -94.48950
744.5991210938, -86.61860
756.8056640625, -86.98792
769.0122070313, -95.83184
781.2187500000, -96.04031
793.4252929688, -95.98778
805.6318359375, -96.62630
817.8383789063, -96.50723
830.0449218750, -96.92679
842.2514648438, -93.57440
854.4580078125, -91.10109
866.6645507813, -95.01409
878.8710937500, -96.35154
891.0776367188, -96.15433
903.2841796875, -96.63720
915.4907226563, -97.16594
927.6972656250, -97.47775
939.9038085938, -90.40092
952.1103515625, -86.35816
964.3168945313, -93.58335
976.5234375000, -97.30155
988.7299804688, -96.09786
1000.9365234375, -97.14742
1013.1430664063, -98.59871
1025.3496093750, -98.20048
1037.5561523438, -94.92635
1049.7626953125, -92.18964
1061.9692382813, -96.32034
1074.1757812500, -97.50842
1086.3823242188, -96.52016
1098.5888671875, -97.39999
1110.7954101563, -98.50158
1123.0019531250, -99.36716
1135.2084960938, -95.31994
1147.4150390625, -87.60211
1159.6215820313, -90.84013
1171.8281250000, -97.39816
1184.0346679688, -96.33546
1196.2412109375, -96.16260
1208.4477539063, -97.09190
1220.6542968750, -98.44699
1232.8608398438, -98.47417
1245.0673828125, -89.87596
1257.2739257813, -90.95016
1269.4804687500, -95.69885
1281.6870117188, -98.45979
1293.8935546875, -98.83244
1306.1000976563, -100.28509
1318.3066406250, -99.55766
1330.5131835938, -98.69643
1342.7197265625, -93.58834
1354.9262695313, -92.35529
1367.1328125000, -99.42061
1379.3393554688, -99.35501
1391.5458984375, -99.89005
1403.7524414063, -99.52663
1415.9589843750, -98.87530
1428.1655273438, -99.20972
1440.3720703125, -98.68360
1452.5786132813, -98.03964
1464.7851562500, -100.11799
1476.9916992188, -99.57049
1489.1982421875, -100.15767
1501.4047851563, -100.07158
1513.6113281250, -99.26397
1525.8178710938, -99.25364
1538.0244140625, -96.08377
1550.2309570313, -92.40612
1562.4375000000, -96.95062
1574.6440429688, -100.29246
1586.8505859375, -99.79213
1599.0571289063, -100.05941
1611.2636718750, -98.57660
1623.4702148438, -99.61382
1635.6767578125, -97.57864
1647.8833007813, -92.47414
1660.0898437500, -96.63069
1672.2963867188, -100.31452
1684.5029296875, -99.94851
1696.7094726563, -100.01165
1708.9160156250, -98.82782
1721.1225585938, -100.25298
1733.3291015625, -99.06640
1745.5356445313, -96.30606
1757.7421875000, -97.91476
1769.9487304688, -100.66918
1782.1552734375, -100.43688
1794.3618164063, -100.52234
1806.5683593750, -99.26162
1818.7749023438, -99.99897
1830.9814453125, -100.48523
1843.1879882813, -98.52411
1855.3945312500, -98.54908
1867.6010742188, -100.24713
1879.8076171875, -100.05941
1892.0141601563, -101.24045
1904.2207031250, -99.65447
1916.4272460938, -98.60095
1928.6337890625, -100.11352
1940.8403320313, -100.06817
1953.0468750000, -100.45540
1965.2534179688, -100.15129
1977.4599609375, -100.04306
1989.6665039063, -101.32958
2001.8730468750, -100.19406
2014.0795898438, -99.74901
2026.2861328125, -101.08538
2038.4926757813, -100.21945
2050.6992187500, -99.68771
2062.9057617188, -101.05975
2075.1123046875, -101.40951
2087.3188476563, -101.60870
2099.5253906250, -101.33819
2111.7319335938, -100.59991
2123.9384765625, -101.72960
2136.1450195313, -100.85055
2148.3515625000, -98.56752
2160.5581054688, -100.12597
2172.7646484375, -100.52820
2184.9711914063, -102.25692
2197.1777343750, -102.16046
2209.3842773438, -102.32213
2221.5908203125, -101.08459
2233.7973632813, -101.45631
2246.0039062500, -101.26448
2258.2104492188, -101.50829
2270.4169921875, -101.06552
2282.6235351563, -101.49536
2294.8300781250, -101.72174
2307.0366210938, -101.28795
2319.2431640625, -101.29633
2331.4497070313, -100.88445
2343.6562500000, -100.04237
2355.8627929688, -100.27118
2368.0693359375, -99.94511
2380.2758789063, -101.80136
2392.4824218750, -101.91828
2404.6889648438, -101.46200
2416.8955078125, -101.64569
2429.1020507813, -101.98230
2441.3085937500, -100.29692
2453.5151367188, -100.22098
2465.7216796875, -101.12304
2477.9282226563, -102.77025
2490.1347656250, -102.26128
2502.3413085938, -102.50156
2514.5478515625, -101.99658
2526.7543945313, -99.18920
2538.9609375000, -96.59641
2551.1674804688, -99.92153
2563.3740234375, -101.39582
2575.5805664063, -101.35030
2587.7871093750, -101.21712
2599.9936523438, -101.34426
2612.2001953125, -101.84490
2624.4067382813, -100.48168
2636.6132812500, -100.37040
2648.8198242188, -98.64482
2661.0263671875, -100.06006
2673.2329101563, -101.30583
2685.4394531250, -101.59190
2697.6459960938, -101.71217
2709.8525390625, -102.48897
2722.0590820313, -101.74631
2734.2656250000, -100.85102
2746.4721679688, -101.31625
2758.6787109375, -101.19231
2770.8852539063, -100.98929
2783.0917968750, -100.97927
2795.2983398438, -102.28554
2807.5048828125, -102.12657
2819.7114257813, -101.43517
2831.9179687500, -100.53183
2844.1245117188, -101.03632
2856.3310546875, -102.08365
2868.5375976563, -101.78547
2880.7441406250, -101.94869
2892.9506835938, -101.31133
2905.1572265625, -102.48495
2917.3637695313, -101.18363
2929.5703125000, -101.98598
2941.7768554688, -101.17728
2953.9833984375, -101.33389
2966.1899414063, -102.17015
2978.3964843750, -101.60618
2990.6030273438, -101.66094
3002.8095703125, -101.28910
3015.0161132813, -101.99034
3027.2226562500, -102.26177
3039.4291992188, -101.77157
3051.6357421875, -101.87996
3063.8422851563, -102.33079
3076.0488281250, -101.51100
3088.2553710938, -101.20348
3100.4619140625, -100.56803
3112.6684570313, -101.10161
3124.8750000000, -100.78117
3137.0815429688, -101.24175
3149.2880859375, -101.37416
3161.4946289063, -102.26256
3173.7011718750, -101.57137
3185.9077148438, -100.91328
3198.1142578125, -101.25714
3210.3208007813, -101.50261
3222.5273437500, -102.08433
3234.7338867188, -101.61844
3246.9404296875, -100.63404
3259.1469726563, -101.42336
3271.3535156250, -102.61512
3283.5600585938, -102.72691
3295.7666015625, -102.22851
3307.9731445313, -102.12218
3320.1796875000, -102.33345
3332.3862304688, -102.88272
3344.5927734375, -101.68194
3356.7993164063, -101.14288
3369.0058593750, -101.52603
3381.2124023438, -101.80567
3393.4189453125, -102.29039
3405.6254882813, -101.54153
3417.8320312500, -101.33598
3430.0385742188, -101.81458
3442.2451171875, -100.86932
3454.4516601563, -100.63438
3466.6582031250, -101.49228
3478.8647460938, -101.82072
3491.0712890625, -102.29024
3503.2778320313, -101.75318
3515.4843750000, -102.06881
3527.6909179688, -102.02106
3539.8974609375, -100.84315
3552.1040039063, -101.94169
3564.3105468750, -101.45075
3576.5170898438, -102.04517
3588.7236328125, -101.73726
3600.9301757813, -101.68786
3613.1367187500, -100.66304
3625.3432617188, -101.93456
3637.5498046875, -103.30011
3649.7563476563, -101.52982
3661.9628906250, -101.20100
3674.1694335938, -102.35302
3686.3759765625, -101.42791
3698.5825195313, -102.02852
3710.7890625000, -101.47274
3722.9956054688, -100.99230
3735.2021484375, -101.94948
3747.4086914063, -101.60461
3759.6152343750, -101.42040
3771.8217773438, -101.37725
3784.0283203125, -102.47915
3796.2348632813, -99.68506
3808.4414062500, -96.96619
3820.6479492188, -100.40981
3832.8544921875, -101.23846
3845.0610351563, -100.86002
3857.2675781250, -100.84996
3869.4741210938, -102.07728
3881.6806640625, -102.44503
3893.8872070313, -103.35978
3906.0937500000, -101.95962
3918.3002929688, -101.35624
3930.5068359375, -103.64325
3942.7133789063, -102.38684
3954.9199218750, -102.59211
3967.1264648438, -102.63552
3979.3330078125, -102.54820
3991.5395507813, -101.86214
4003.7460937500, -102.05661
4015.9526367188, -102.17955
4028.1591796875, -102.44154
4040.3657226563, -102.16358
4052.5722656250, -102.56775
4064.7788085938, -102.15353
4076.9853515625, -102.52480
4089.1918945313, -102.39420
4101.3984375000, -102.18550
4113.6049804688, -101.23386
4125.8115234375, -101.79133
4138.0180664063, -101.63303
4150.2246093750, -101.67927
4162.4311523438, -101.24019
4174.6376953125, -102.25431
4186.8442382813, -102.51828
4199.0507812500, -102.16340
4211.2573242188, -101.61469
4223.4638671875, -102.14814
4235.6704101563, -101.64441
4247.8769531250, -101.02307
4260.0834960938, -102.67052
4272.2900390625, -101.58678
4284.4965820313, -102.29737
4296.7031250000, -101.90889
4308.9096679688, -101.83202
4321.1162109375, -102.55680
4333.3227539063, -102.43348
4345.5292968750, -102.22687
4357.7358398438, -102.27961
4369.9423828125, -103.57043
4382.1489257813, -103.40101
4394.3554687500, -102.22989
4406.5620117188, -102.19100
4418.7685546875, -102.33031
4430.9750976563, -102.06986
4443.1816406250, -102.41046
4455.3881835938, -102.17471
4467.5947265625, -101.98545
4479.8012695313, -103.01272
4492.0078125000, -102.26110
4504.2143554688, -101.32042
4516.4208984375, -100.92579
4528.6274414063, -101.81161
4540.8339843750, -102.12636
4553.0405273438, -101.69349
4565.2470703125, -101.76383
4577.4536132813, -102.33603
4589.6601562500, -102.22215
4601.8666992188, -103.07763
4614.0732421875, -102.95508
4626.2797851563, -102.27473
4638.4863281250, -101.54313
4650.6928710938, -101.31786
4662.8994140625, -101.44173
4675.1059570313, -101.42430
4687.3125000000, -101.76591
4699.5190429688, -102.18841
4711.7255859375, -102.21201
4723.9321289063, -102.43073
4736.1386718750, -102.12974
4748.3452148438, -102.15074
4760.5517578125, -102.62115
4772.7583007813, -102.46346
4784.9648437500, -101.78024
4797.1713867188, -100.89037
4809.3779296875, -101.27087
4821.5844726563, -101.74066
4833.7910156250, -101.58868
4845.9975585938, -101.88515
4858.2041015625, -102.10368
4870.4106445313, -102.11561
4882.6171875000, -101.51593
4894.8237304688, -102.12756
4907.0302734375, -103.25942
4919.2368164063, -102.06619
4931.4433593750, -102.87030
4943.6499023438, -101.61907
4955.8564453125, -101.81987
4968.0629882813, -102.27790
4980.2695312500, -102.08311
4992.4760742188, -101.73421
5004.6826171875, -101.87852
5016.8891601563, -102.03071
5029.0957031250, -101.96828
5041.3022460938, -102.16260
5053.5087890625, -102.34485
5065.7153320313, -99.68248
5077.9218750000, -97.97293
5090.1284179688, -101.26498
5102.3349609375, -102.44936
5114.5415039063, -102.73267
5126.7480468750, -103.13605
5138.9545898438, -102.00280
5151.1611328125, -102.25879
5163.3676757813, -101.45476
5175.5742187500, -102.45222
5187.7807617188, -101.92052
5199.9873046875, -101.20728
5212.1938476563, -102.08885
5224.4003906250, -102.19923
5236.6069335938, -102.19452
5248.8134765625, -101.75712
5261.0200195313, -101.12118
5273.2265625000, -101.32815
5285.4331054688, -101.63214
5297.6396484375, -102.17273
5309.8461914063, -101.58359
5322.0527343750, -101.80693
5334.2592773438, -102.20428
5346.4658203125, -103.66780
5358.6723632813, -102.43057
5370.8789062500, -102.10557
5383.0854492188, -102.19313
5395.2919921875, -102.64386
5407.4985351563, -102.14842
5419.7050781250, -101.94835
5431.9116210938, -102.07960
5444.1181640625, -101.67579
5456.3247070313, -102.29933
5468.5312500000, -102.06139
5480.7377929688, -102.49819
5492.9443359375, -103.33069
5505.1508789063, -102.80620
5517.3574218750, -102.98708
5529.5639648438, -101.57545
5541.7705078125, -102.04927
5553.9770507813, -102.15009
5566.1835937500, -101.95918
5578.3901367188, -101.57078
5590.5966796875, -102.03910
5602.8032226563, -103.40134
5615.0097656250, -102.92676
5627.2163085938, -102.05450
5639.4228515625, -101.86613
5651.6293945313, -101.36397
5663.8359375000, -102.29622
5676.0424804688, -102.48983
5688.2490234375, -102.28067
5700.4555664063, -101.34158
5712.6621093750, -101.91067
5724.8686523438, -102.34662
5737.0751953125, -102.35373
5749.2817382813, -102.92784
5761.4882812500, -101.89765
5773.6948242188, -102.51998
5785.9013671875, -102.92284
5798.1079101563, -102.89191
5810.3144531250, -102.79980
5822.5209960938, -102.59704
5834.7275390625, -102.06891
5846.9340820313, -101.61123
5859.1406250000, -101.01329
5871.3471679688, -102.60940
5883.5537109375, -102.20888
5895.7602539063, -102.10799
5907.9667968750, -102.24819
5920.1733398438, -102.34827
5932.3798828125, -101.98461
5944.5864257813, -102.40829
5956.7929687500, -102.26263
5968.9995117188, -102.67142
5981.2060546875, -102.92191
5993.4125976563, -101.37805
6005.6191406250, -101.73559
6017.8256835938, -102.37171
6030.0322265625, -102.65363
6042.2387695313, -103.60658
6054.4453125000, -103.03616
6066.6518554688, -103.20372
6078.8583984375, -101.29425
6091.0649414063, -101.36158
6103.2714843750, -101.47082
6115.4780273438, -102.20398
6127.6845703125, -103.12700
6139.8911132813, -103.07385
6152.0976562500, -102.57317
6164.3041992188, -102.08925
6176.5107421875, -101.99807
6188.7172851563, -102.20599
6200.9238281250, -102.15045
6213.1303710938, -102.21348
6225.3369140625, -103.51951
6237.5434570313, -102.80884
6249.7500000000, -102.79408
6261.9565429688, -103.23037
6274.1630859375, -102.56898
6286.3696289063, -102.32602
6298.5761718750, -102.41745
6310.7827148438, -102.85684
6322.9892578125, -102.01689
6335.1958007813, -99.98092
6347.4023437500, -98.93226
6359.6088867188, -102.46593
6371.8154296875, -102.50038
6384.0219726563, -103.09587
6396.2285156250, -102.83103
6408.4350585938, -103.56870
6420.6416015625, -102.49660
6432.8481445313, -102.01721
6445.0546875000, -103.05547
6457.2612304688, -102.28579
6469.4677734375, -102.74259
6481.6743164063, -101.73947
6493.8808593750, -102.46506
6506.0874023438, -102.49032
6518.2939453125, -104.65880
6530.5004882813, -103.69502
6542.7070312500, -101.70698
6554.9135742188, -102.23611
6567.1201171875, -102.48489
6579.3266601563, -102.75570
6591.5332031250, -102.08619
6603.7397460938, -102.51821
6615.9462890625, -102.49171
6628.1528320313, -102.14579
6640.3593750000, -102.55798
6652.5659179688, -101.84681
6664.7724609375, -102.68575
6676.9790039063, -102.71583
6689.1855468750, -103.25042
6701.3920898438, -103.46638
6713.5986328125, -102.11489
6725.8051757813, -101.08994
6738.0117187500, -101.60542
6750.2182617188, -103.33752
6762.4248046875, -103.25291
6774.6313476563, -103.19075
6786.8378906250, -101.97622
6799.0444335938, -101.98757
6811.2509765625, -101.56916
6823.4575195313, -98.97880
6835.6640625000, -101.28822
6847.8706054688, -102.50533
6860.0771484375, -101.70779
6872.2836914063, -101.74819
6884.4902343750, -102.60221
6896.6967773438, -103.02215
6908.9033203125, -102.56917
6921.1098632813, -102.84403
6933.3164062500, -102.01484
6945.5229492188, -101.64575
6957.7294921875, -101.62465
6969.9360351563, -102.17396
6982.1425781250, -102.80316
6994.3491210938, -101.97915
7006.5556640625, -102.63638
7018.7622070313, -103.22950
7030.9687500000, -103.52450
7043.1752929688, -103.59526
7055.3818359375, -103.16835
7067.5883789063, -103.35742
7079.7949218750, -102.98934
7092.0014648438, -102.72857
7104.2080078125, -102.55835
7116.4145507813, -102.28197
7128.6210937500, -102.76977
7140.8276367188, -103.25467
7153.0341796875, -102.30856
7165.2407226563, -102.57837
7177.4472656250, -102.21681
7189.6538085938, -101.99724
7201.8603515625, -102.03738
7214.0668945313, -103.47847
7226.2734375000, -103.17454
7238.4799804688, -102.21517
7250.6865234375, -102.60554
7262.8930664063, -101.94485
7275.0996093750, -102.79566
7287.3061523438, -102.83497
7299.5126953125, -101.88626
7311.7192382813, -101.97666
7323.9257812500, -101.91822
7336.1323242188, -101.73584
7348.3388671875, -102.45698
7360.5454101563, -102.45331
7372.7519531250, -102.04169
7384.9584960938, -102.84431
7397.1650390625, -103.10370
7409.3715820313, -102.70420
7421.5781250000, -102.45897
7433.7846679688, -101.87938
7445.9912109375, -101.37166
7458.1977539063, -101.41343
7470.4042968750, -101.47395
7482.6108398438, -103.41253
7494.8173828125, -103.48121
7507.0239257813, -101.96320
7519.2304687500, -103.45516
7531.4370117188, -102.85405
7543.6435546875, -102.81874
7555.8500976563, -102.66803
7568.0566406250, -102.92197
7580.2631835938, -103.51184
7592.4697265625, -102.33992
7604.6762695313, -99.22341
7616.8828125000, -99.57029
7629.0893554688, -101.59919
7641.2958984375, -101.54061
7653.5024414063, -101.20729
7665.7089843750, -101.86460
7677.9155273438, -102.38147
7690.1220703125, -102.68762
7702.3286132813, -102.15969
7714.5351562500, -102.43671
7726.7416992188, -102.43040
7738.9482421875, -102.26514
7751.1547851563, -103.82586
7763.3613281250, -102.51932
7775.5678710938, -101.63891
7787.7744140625, -102.73800
7799.9809570313, -102.57559
7812.1875000000, -102.47978
7824.3940429688, -101.63944
7836.6005859375, -102.26186
7848.8071289063, -102.29549
7861.0136718750, -102.14157
7873.2202148438, -103.02715
7885.4267578125, -103.66765
7897.6333007813, -102.96397
7909.8398437500, -102.53685
7922.0463867188, -102.05241
7934.2529296875, -102.60909
7946.4594726563, -102.02069
7958.6660156250, -102.54680
7970.8725585938, -102.73887
7983.0791015625, -102.12621
7995.2856445313, -102.92872
8007.4921875000, -102.48043
8019.6987304688, -103.00022
8031.9052734375, -103.64510
8044.1118164063, -102.74844
8056.3183593750, -102.88186
8068.5249023438, -102.14805
8080.7314453125, -102.55257
8092.9379882813, -103.26062
8105.1445312500, -102.41079
8117.3510742188, -102.88228
8129.5576171875, -102.29956
8141.7641601563, -102.45931
8153.9707031250, -101.96553
8166.1772460938, -103.48452
8178.3837890625, -103.69227
8190.5903320313, -103.04135
8202.7968750000, -102.53927
8215.0034179688, -102.69185
8227.2099609375, -101.72468
8239.4165039063, -101.04231
8251.6230468750, -101.51603
8263.8295898438, -102.06089
8276.0361328125, -103.77754
8288.2426757813, -101.64599
8300.4492187500, -102.14683
8312.6557617188, -102.51543
8324.8623046875, -103.07357
8337.0688476563, -103.34409
8349.2753906250, -102.54860
8361.4819335938, -102.28016
8373.6884765625, -102.01142
8385.8950195313, -102.16350
8398.1015625000, -102.93986
8410.3081054688, -101.91589
8422.5146484375, -102.48930
8434.7211914063, -102.50127
8446.9277343750, -103.34714
8459.1342773438, -102.70312
8471.3408203125, -102.44252
8483.5473632813, -102.38923
8495.7539062500, -102.27196
8507.9604492188, -102.71163
8520.1669921875, -103.21700
8532.3735351563, -102.88776
8544.5800781250, -102.44356
8556.7866210938, -102.56974
8568.9931640625, -103.05209
8581.1997070313, -101.84337
8593.4062500000, -103.15840
8605.6127929688, -102.63601
8617.8193359375, -103.08522
8630.0258789063, -102.31562
8642.2324218750, -103.39150
8654.4389648438, -103.11855
8666.6455078125, -101.98981
8678.8520507813, -102.66584
8691.0585937500, -102.45107
8703.2651367188, -101.65819
8715.4716796875, -102.03351
8727.6782226563, -103.20907
8739.8847656250, -102.31621
8752.0913085938, -102.37241
8764.2978515625, -102.41733
8776.5043945313, -102.04180
8788.7109375000, -102.79989
8800.9174804688, -103.21051
8813.1240234375, -103.13884
8825.3305664063, -102.84506
8837.5371093750, -102.58760
8849.7436523438, -103.09494
8861.9501953125, -102.93147
8874.1567382813, -99.90948
8886.3632812500, -100.25109
8898.5698242188, -102.22749
8910.7763671875, -103.58083
8922.9829101563, -101.83007
8935.1894531250, -101.74753
8947.3959960938, -102.75728
8959.6025390625, -101.75670
8971.8090820313, -102.07912
8984.0156250000, -102.26774
8996.2221679688, -102.89036
9008.4287109375, -103.04605
9020.6352539063, -102.39424
9032.8417968750, -102.54458
9045.0483398438, -102.61830
9057.2548828125, -102.62783
9069.4614257813, -103.21066
9081.6679687500, -103.01217
9093.8745117188, -102.17801
9106.0810546875, -101.52011
9118.2875976563, -102.97686
9130.4941406250, -103.32233
9142.7006835938, -102.95013
9154.9072265625, -103.10436
9167.1137695313, -102.66704
9179.3203125000, -101.33291
9191.5268554688, -102.49871
9203.7333984375, -102.12138
9215.9399414063, -101.90856
9228.1464843750, -102.01167
9240.3530273438, -101.93138
9252.5595703125, -100.78684
9264.7661132813, -101.83951
9276.9726562500, -103.24674
9289.1791992188, -103.69314
9301.3857421875, -104.34257
9313.5922851563, -103.58479
9325.7988281250, -102.59928
9338.0053710938, -102.62390
9350.2119140625, -102.68835
9362.4184570313, -102.47216
9374.6250000000, -102.24029
9386.8315429688, -102.92138
9399.0380859375, -103.23950
9411.2446289063, -102.57600
9423.4511718750, -101.78197
9435.6577148438, -102.09181
9447.8642578125, -102.89420
9460.0708007813, -103.02738
9472.2773437500, -102.87333
9484.4838867188, -102.94819
9496.6904296875, -103.38053
9508.8969726563, -102.23100
9521.1035156250, -102.12369
9533.3100585938, -101.95107
9545.5166015625, -102.32207
9557.7231445313, -101.73405
9569.9296875000, -101.93184
9582.1362304688, -101.99649
9594.3427734375, -101.58044
9606.5493164063, -101.66455
9618.7558593750, -102.64619
9630.9624023438, -102.32827
9643.1689453125, -103.01867
9655.3754882813, -102.71601
9667.5820312500, -102.07807
9679.7885742188, -101.54631
9691.9951171875, -102.64445
9704.2016601563, -103.42761
9716.4082031250, -102.82227
9728.6147460938, -103.76694
9740.8212890625, -102.41515
9753.0278320313, -102.88085
9765.2343750000, -102.58726
9777.4409179688, -102.38380
9789.6474609375, -101.92507
9801.8540039063, -102.93322
9814.0605468750, -102.27553
9826.2670898438, -102.79318
9838.4736328125, -102.93052
9850.6801757813, -103.24291
9862.8867187500, -103.21711
9875.0932617188, -102.91102
9887.2998046875, -102.58716
9899.5063476563, -103.26201
9911.7128906250, -103.70852
9923.9194335938, -101.90734
9936.1259765625, -101.42834
9948.3325195313, -102.20567
9960.5390625000, -102.69153
9972.7456054688, -102.41852
9984.9521484375, -103.17769
9997.1586914063, -103.23843
10009.3652343750, -102.89671
10021.5717773438, -102.12607
10033.7783203125, -101.72513
10045.9848632813, -102.32103
10058.1914062500, -102.98850
10070.3979492188, -103.23882
10082.6044921875, -102.78439
10094.8110351563, -103.70233
10107.0175781250, -103.44858
10119.2241210938, -102.93242
10131.4306640625, -103.12020
10143.6372070313, -100.72185
10155.8437500000, -100.55488
10168.0502929688, -102.22975
10180.2568359375, -102.51731
10192.4633789063, -101.82381
10204.6699218750, -102.29240
10216.8764648438, -103.06587
10229.0830078125, -102.66159
10241.2895507813, -102.84709
10253.4960937500, -103.05812
10265.7026367188, -102.99452
10277.9091796875, -102.11796
10290.1157226563, -102.64174
10302.3222656250, -102.86431
10314.5288085938, -102.86363
10326.7353515625, -102.18741
10338.9418945313, -102.91082
10351.1484375000, -102.78184
10363.3549804688, -101.83205
10375.5615234375, -102.40405
10387.7680664063, -102.94151
10399.9746093750, -103.10395
10412.1811523438, -103.05564
10424.3876953125, -102.52873
10436.5942382813, -103.53056
10448.8007812500, -103.34823
10461.0073242188, -102.80005
10473.2138671875, -102.68527
10485.4204101563, -101.63148
10497.6269531250, -102.11955
10509.8334960938, -102.20826
10522.0400390625, -103.09601
10534.2465820313, -103.37977
10546.4531250000, -102.69298
10558.6596679688, -101.46561
10570.8662109375, -103.01631
10583.0727539063, -103.54428
10595.2792968750, -102.51122
10607.4858398438, -103.12713
10619.6923828125, -103.12093
10631.8989257813, -103.15361
10644.1054687500, -102.39845
10656.3120117188, -101.63656
10668.5185546875, -102.56750
10680.7250976563, -102.47451
10692.9316406250, -102.00374
10705.1381835938, -103.19533
10717.3447265625, -102.85893
10729.5512695313, -102.28206
10741.7578125000, -103.24290
10753.9643554688, -102.66386
10766.1708984375, -102.44648
10778.3774414063, -102.52820
10790.5839843750, -102.40195
10802.7905273438, -102.59290
10814.9970703125, -103.10566
10827.2036132813, -103.27392
10839.4101562500, -102.67163
10851.6166992188, -101.73371
10863.8232421875, -101.81588
10876.0297851563, -102.04996
10888.2363281250, -102.29199
10900.4428710938, -102.04642
10912.6494140625, -102.83574
10924.8559570313, -102.21181
10937.0625000000, -102.26096
10949.2690429688, -101.99100
10961.4755859375, -102.18079
10973.6821289063, -102.64753
10985.8886718750, -102.19626
10998.0952148438, -101.98495
11010.3017578125, -102.44033
11022.5083007813, -102.74819
11034.7148437500, -101.97561
11046.9213867188, -102.27701
11059.1279296875, -102.96852
11071.3344726563, -102.13327
11083.5410156250, -103.34071
11095.7475585938, -102.89064
11107.9541015625, -102.47966
11120.1606445313, -103.37077
11132.3671875000, -101.53964
11144.5737304688, -101.91610
11156.7802734375, -102.95788
11168.9868164063, -102.56147
11181.1933593750, -102.67095
11193.3999023438, -101.69143
11205.6064453125, -101.92501
11217.8129882813, -102.29494
11230.0195312500, -102.85352
11242.2260742188, -103.02203
11254.4326171875, -103.64586
11266.6391601563, -102.99086
11278.8457031250, -103.71219
11291.0522460938, -102.26041
11303.2587890625, -102.18542
11315.4653320313, -102.81026
11327.6718750000, -103.03242
11339.8784179688, -101.52651
11352.0849609375, -102.30894
11364.2915039063, -102.64683
11376.4980468750, -102.86223
11388.7045898438, -103.47360
11400.9111328125, -103.57663
11413.1176757813, -99.09629
11425.3242187500, -98.72535
11437.5307617188, -102.76754
11449.7373046875, -102.82948
11461.9438476563, -102.14084
11474.1503906250, -103.25822
11486.3569335938, -103.29012
11498.5634765625, -103.34598
11510.7700195313, -102.64260
11522.9765625000, -101.84648
11535.1831054688, -102.13947
11547.3896484375, -103.01200
11559.5961914063, -103.59759
11571.8027343750, -101.48606
11584.0092773438, -101.60977
11596.2158203125, -102.24695
11608.4223632813, -103.43986
11620.6289062500, -102.79794
11632.8354492188, -102.60788
11645.0419921875, -102.84675
11657.2485351563, -102.29684
11669.4550781250, -102.33073
11681.6616210938, -102.56919
11693.8681640625, -102.38737
11706.0747070313, -102.36635
11718.2812500000, -102.47040
11730.4877929688, -102.37660
11742.6943359375, -101.94589
11754.9008789063, -102.40723
11767.1074218750, -102.51375
11779.3139648438, -102.08562
11791.5205078125, -102.89118
11803.7270507813, -103.01660
11815.9335937500, -101.51794
11828.1401367188, -101.62950
11840.3466796875, -102.07921
11852.5532226563, -102.70245
11864.7597656250, -102.51566
11876.9663085938, -101.65544
11889.1728515625, -102.65815
11901.3793945313, -101.46066
11913.5859375000, -101.67777
11925.7924804688, -101.78071
11937.9990234375, -102.33197
11950.2055664063, -102.40611
11962.4121093750, -102.92904
11974.6186523438, -103.51382
11986.8251953125, -103.60491
11999.0317382813, -103.26213
12011.2382812500, -102.65357
12023.4448242188, -102.98523
12035.6513671875, -102.65503
12047.8579101563, -101.68689
12060.0644531250, -101.59783
12072.2709960938, -101.31771
12084.4775390625, -102.37933
12096.6840820313, -102.70526
12108.8906250000, -104.13962
12121.0971679688, -103.13609
12133.3037109375, -102.02280
12145.5102539063, -102.35807
12157.7167968750, -102.46248
12169.9233398438, -102.64484
12182.1298828125, -102.99974
12194.3364257813, -102.62473
12206.5429687500, -102.46797
12218.7495117188, -101.94203
12230.9560546875, -103.18300
12243.1625976563, -103.01057
12255.3691406250, -103.03813
12267.5756835938, -102.97906
12279.7822265625, -101.95061
12291.9887695313, -102.38994
12304.1953125000, -102.95760
12316.4018554688, -103.01556
12328.6083984375, -102.53174
12340.8149414063, -102.42548
12353.0214843750, -102.58906
12365.2280273438, -102.71089
12377.4345703125, -102.18111
12389.6411132813, -102.46117
12401.8476562500, -102.07572
12414.0541992188, -102.36943
12426.2607421875, -104.16456
12438.4672851563, -103.28177
12450.6738281250, -102.89526
12462.8803710938, -102.89961
12475.0869140625, -103.24560
12487.2934570313, -103.02379
12499.5000000000, -102.74260
12511.7065429688, -102.81504
12523.9130859375, -102.25232
12536.1196289063, -103.13521
12548.3261718750, -102.75139
12560.5327148438, -102.18790
12572.7392578125, -102.22648
12584.9458007813, -101.56228
12597.1523437500, -102.18206
12609.3588867188, -102.80180
12621.5654296875, -103.35639
12633.7719726563, -102.76882
12645.9785156250, -101.71486
12658.1850585938, -102.06268
12670.3916015625, -101.84018
12682.5981445313, -98.77900
12694.8046875000, -99.80900
12707.0112304688, -102.01086
12719.2177734375, -103.51909
12731.4243164063, -103.47478
12743.6308593750, -102.84744
12755.8374023438, -101.67904
12768.0439453125, -102.50469
12780.2504882813, -102.55867
12792.4570312500, -102.66011
12804.6635742188, -103.46044
12816.8701171875, -102.30381
12829.0766601563, -102.76321
12841.2832031250, -102.81996
12853.4897460938, -101.32739
12865.6962890625, -102.91105
12877.9028320313, -103.44331
12890.1093750000, -102.88379
12902.3159179688, -102.68229
12914.5224609375, -103.50984
12926.7290039063, -103.03641
12938.9355468750, -102.70227
12951.1420898438, -102.03923
12963.3486328125, -102.81953
12975.5551757813, -102.66678
12987.7617187500, -102.36855
12999.9682617188, -102.85543
13012.1748046875, -102.02832
13024.3813476563, -102.81932
13036.5878906250, -102.78865
13048.7944335938, -102.00546
13061.0009765625, -102.10155
13073.2075195313, -101.76928
13085.4140625000, -102.07860
13097.6206054688, -101.93979
13109.8271484375, -103.05827
13122.0336914063, -102.05032
13134.2402343750, -102.25563
13146.4467773438, -102.81729
13158.6533203125, -102.29974
13170.8598632813, -101.72201
13183.0664062500, -103.30190
13195.2729492188, -102.78647
13207.4794921875, -102.22201
13219.6860351563, -102.24557
13231.8925781250, -102.85909
13244.0991210938, -102.04047
13256.3056640625, -102.02480
13268.5122070313, -102.10741
13280.7187500000, -103.67058
13292.9252929688, -102.36982
13305.1318359375, -103.03085
13317.3383789063, -103.20142
13329.5449218750, -102.28963
13341.7514648438, -101.80035
13353.9580078125, -102.60762
13366.1645507813, -101.76957
13378.3710937500, -102.80935
13390.5776367188, -102.05076
13402.7841796875, -101.78941
13414.9907226563, -101.75129
13427.1972656250, -102.44271
13439.4038085938, -102.70433
13451.6103515625, -103.04939
13463.8168945313, -102.72390
13476.0234375000, -102.71857
13488.2299804688, -103.08909
13500.4365234375, -102.39924
13512.6430664063, -101.51549
13524.8496093750, -102.34365
13537.0561523438, -102.17146
13549.2626953125, -102.65680
13561.4692382813, -101.23023
13573.6757812500, -101.36347
13585.8823242188, -102.37160
13598.0888671875, -103.46661
13610.2954101563, -102.69715
13622.5019531250, -102.20174
13634.7084960938, -102.42091
13646.9150390625, -101.33185
13659.1215820313, -102.80092
13671.3281250000, -103.18230
13683.5346679688, -102.65082
13695.7412109375, -103.14970
13707.9477539063, -102.37523
13720.1542968750, -101.29773
13732.3608398438, -101.57179
13744.5673828125, -101.15625
13756.7739257813, -102.66550
13768.9804687500, -102.23186
13781.1870117188, -102.73279
13793.3935546875, -102.69420
13805.6000976563, -102.20535
13817.8066406250, -102.60296
13830.0131835938, -103.18117
13842.2197265625, -101.89538
13854.4262695313, -101.65041
13866.6328125000, -101.96863
13878.8393554688, -102.34376
13891.0458984375, -102.25730
13903.2524414063, -101.45690
13915.4589843750, -101.47403
13927.6655273438, -101.56708
13939.8720703125, -101.59532
13952.0786132813, -98.56022
13964.2851562500, -100.36816
13976.4916992188, -102.63306
13988.6982421875, -102.49234
14000.9047851563, -102.03008
14013.1113281250, -101.59531
14025.3178710938, -102.45606
14037.5244140625, -102.05154
14049.7309570313, -101.50521
14061.9375000000, -102.72638
14074.1440429688, -102.03594
14086.3505859375, -101.58638
14098.5571289063, -101.90006
14110.7636718750, -102.36465
14122.9702148438, -102.66881
14135.1767578125, -101.70685
14147.3833007813, -102.67240
14159.5898437500, -102.66799
14171.7963867188, -102.29289
14184.0029296875, -103.38241
14196.2094726563, -102.20726
14208.4160156250, -101.02776
14220.6225585938, -101.33395
14232.8291015625, -102.10859
14245.0356445313, -102.05313
14257.2421875000, -101.47647
14269.4487304688, -100.00788
14281.6552734375, -85.73389
14293.8618164063, -72.60033
14306.0683593750, -73.12359
14318.2749023438, -88.31391
14330.4814453125, -100.01858
14342.6879882813, -102.61127
14354.8945312500, -102.45885
14367.1010742188, -102.15590
14379.3076171875, -101.66706
14391.5141601563, -101.51669
14403.7207031250, -101.03389
14415.9272460938, -102.09454
14428.1337890625, -101.74621
14440.3403320313, -100.38273
14452.5468750000, -101.35321
14464.7534179688, -101.75676
14476.9599609375, -102.30350
14489.1665039063, -101.87235
14501.3730468750, -101.88815
14513.5795898438, -102.32510
14525.7861328125, -102.41439
14537.9926757813, -102.57729
14550.1992187500, -101.41875
14562.4057617188, -102.38950
14574.6123046875, -102.58315
14586.8188476563, -102.66049
14599.0253906250, -102.42557
14611.2319335938, -102.44912
14623.4384765625, -101.82857
14635.6450195313, -103.05157
14647.8515625000, -102.11566
14660.0581054688, -100.93507
14672.2646484375, -101.82426
14684.4711914063, -101.36804
14696.6777343750, -102.12535
14708.8842773438, -101.63180
14721.0908203125, -101.30317
14733.2973632813, -102.32724
14745.5039062500, -100.69629
14757.7104492188, -101.51994
14769.9169921875, -101.47178
14782.1235351563, -101.58910
14794.3300781250, -101.33999
14806.5366210938, -100.89159
14818.7431640625, -100.72396
14830.9497070313, -101.90056
14843.1562500000, -101.68366
14855.3627929688, -102.02103
14867.5693359375, -101.61059
14879.7758789063, -100.71281
14891.9824218750, -101.77550
14904.1889648438, -101.66396
14916.3955078125, -102.00542
14928.6020507813, -102.17580
14940.8085937500, -101.75342
14953.0151367188, -101.72661
14965.2216796875, -100.94670
14977.4282226563, -101.21104
14989.6347656250, -100.63879
15001.8413085938, -100.22630
15014.0478515625, -101.95099
15026.2543945313, -101.67049
15038.4609375000, -100.17044
15050.6674804688, -100.78344
15062.8740234375, -102.23956
15075.0805664063, -102.91571
15087.2871093750, -100.94653
15099.4936523438, -101.59992
15111.7001953125, -101.49041
15123.9067382813, -101.58052
15136.1132812500, -101.42050
15148.3198242188, -101.89572
15160.5263671875, -102.37228
15172.7329101563, -102.25081
15184.9394531250, -101.03549
15197.1459960938, -100.88449
15209.3525390625, -99.85633
15221.5590820313, -95.78663
15233.7656250000, -98.45427
15245.9721679688, -100.79701
15258.1787109375, -100.45066
15270.3852539063, -101.22362
15282.5917968750, -101.54632
15294.7983398438, -101.22900
15307.0048828125, -101.44258
15319.2114257813, -100.49159
15331.4179687500, -101.33760
15343.6245117188, -100.75556
15355.8310546875, -101.68753
15368.0375976563, -101.21718
15380.2441406250, -100.66390
15392.4506835938, -100.13824
15404.6572265625, -99.84788
15416.8637695313, -100.46431
15429.0703125000, -100.53165
15441.2768554688, -99.90117
15453.4833984375, -99.66182
15465.6899414063, -100.73535
15477.8964843750, -101.14200
15490.1030273438, -100.01918
15502.3095703125, -100.09028
15514.5161132813, -100.06564
15526.7226562500, -99.65627
15538.9291992188, -100.11926
15551.1357421875, -99.66887
15563.3422851563, -99.07343
15575.5488281250, -99.59574
15587.7553710938, -99.76243
15599.9619140625, -99.56299
15612.1684570313, -99.73640
15624.3750000000, -99.50709
15636.5815429688, -98.74275
15648.7880859375, -98.73644
15660.9946289063, -99.99791
15673.2011718750, -99.40002
15685.4077148438, -98.89650
15697.6142578125, -99.60297
15709.8208007813, -99.31096
15722.0273437500, -98.56021
15734.2338867188, -98.94285
15746.4404296875, -97.95069
15758.6469726563, -97.91319
15770.8535156250, -97.89906
15783.0600585938, -97.47335
15795.2666015625, -97.65900
15807.4731445313, -98.81994
15819.6796875000, -98.70610
15831.8862304688, -99.03075
15844.0927734375, -97.96802
15856.2993164063, -95.91642
15868.5058593750, -96.46571
15880.7124023438, -96.98260
15892.9189453125, -96.93392
15905.1254882813, -96.13751
15917.3320312500, -95.90995
15929.5385742188, -95.89943
15941.7451171875, -94.88080
15953.9516601563, -94.01971
15966.1582031250, -95.48041
15978.3647460938, -94.86411
15990.5712890625, -94.25884
16002.7778320313, -93.94896
16014.9843750000, -94.54448
16027.1909179688, -94.12375
16039.3974609375, -94.28317
16051.6040039063, -94.53009
16063.8105468750, -93.57427
16076.0170898438, -92.59187
16088.2236328125, -92.20311
16100.4301757813, -92.04856
16112.6367187500, -91.87673
16124.8432617188, -91.59529
16137.0498046875, -91.48034
16149.2563476563, -92.25090
16161.4628906250, -91.96984
16173.6694335938, -91.72283
16185.8759765625, -91.26887
16198.0825195313, -90.99453
16210.2890625000, -91.87507
16222.4956054688, -91.03041
16234.7021484375, -90.12678
16246.9086914063, -90.51626
16259.1152343750, -90.98064
16271.3217773438, -90.73868
16283.5283203125, -90.03993
16295.7348632813, -89.82093
16307.9414062500, -89.96495
16320.1479492188, -90.15768
16332.3544921875, -91.09348
16344.5610351563, -91.57212
16356.7675781250, -90.83146
16368.9741210938, -89.79011
16381.1806640625, -89.61781
16393.3872070313, -90.33559
16405.5937500000, -91.02361
16417.8002929688, -90.02639
16430.0068359375, -89.34694
16442.2133789063, -89.55179
16454.4199218750, -89.05570
16466.6264648438, -88.47451
16478.8330078125, -87.65516
16491.0395507813, -82.51244
16503.2460937500, -85.63029
16515.4526367188, -89.42821
16527.6591796875, -88.63314
16539.8657226563, -88.51954
16552.0722656250, -89.61363
16564.2788085938, -88.12095
16576.4853515625, -88.62201
16588.6918945313, -87.84299
16600.8984375000, -88.04277
16613.1049804688, -89.10084
16625.3115234375, -89.47727
16637.5180664063, -88.14521
16649.7246093750, -87.92186
16661.9311523438, -88.59788
16674.1376953125, -89.35807
16686.3442382813, -87.99126
16698.5507812500, -87.84314
16710.7573242188, -89.44563
16722.9638671875, -90.22226
16735.1704101563, -88.73645
16747.3769531250, -88.10929
16759.5834960938, -88.82158
16771.7900390625, -88.90583
16783.9965820313, -88.62963
16796.2031250000, -88.50614
16808.4096679688, -90.40096
16820.6162109375, -89.77128
16832.8227539063, -89.98467
16845.0292968750, -90.39083
16857.2358398438, -89.47757
16869.4423828125, -88.99404
16881.6489257813, -89.38170
16893.8554687500, -90.34767
16906.0620117188, -90.80350
16918.2685546875, -91.39079
16930.4750976563, -91.66150
16942.6816406250, -89.88906
16954.8881835938, -89.79018
16967.0947265625, -90.95034
16979.3012695313, -91.74233
16991.5078125000, -91.92987
17003.7143554688, -92.88280
17015.9208984375, -92.88631
17028.1274414063, -93.04870
17040.3339843750, -92.58730
17052.5405273438, -92.89820
17064.7470703125, -93.95111
17076.9536132813, -94.13338
17089.1601562500, -94.04291
17101.3666992188, -95.56537
17113.5732421875, -94.90954
17125.7797851563, -93.94667
17137.9863281250, -93.83143
17150.1928710938, -95.32887
17162.3994140625, -96.64176
17174.6059570313, -95.34659
17186.8125000000, -95.91006
17199.0190429688, -95.95800
17211.2255859375, -96.44749
17223.4321289063, -95.40382
17235.6386718750, -96.71492
17247.8452148438, -96.54178
17260.0517578125, -97.47946
17272.2583007813, -96.72134
17284.4648437500, -96.21186
17296.6713867188, -97.62232
17308.8779296875, -97.41537
17321.0844726563, -97.67312
17333.2910156250, -96.18875
17345.4975585938, -96.49236
17357.7041015625, -98.24789
17369.9106445313, -98.19074
17382.1171875000, -99.45100
17394.3237304688, -98.75976
17406.5302734375, -98.71689
17418.7368164063, -99.33452
17430.9433593750, -99.45611
17443.1499023438, -97.24035
17455.3564453125, -97.38253
17467.5629882813, -99.02143
17479.7695312500, -100.05774
17491.9760742188, -99.82879
17504.1826171875, -99.28053
17516.3891601563, -98.59829
17528.5957031250, -98.66849
17540.8022460938, -98.79108
17553.0087890625, -99.60531
17565.2153320313, -99.65609
17577.4218750000, -100.12102
17589.6284179688, -99.07795
17601.8349609375, -100.07251
17614.0415039063, -100.22855
17626.2480468750, -99.63416
17638.4545898438, -99.92918
17650.6611328125, -99.57089
17662.8676757813, -101.20756
17675.0742187500, -99.83846
17687.2807617188, -100.66272
17699.4873046875, -99.96032
17711.6938476563, -100.10666
17723.9003906250, -99.95157
17736.1069335938, -100.20503
17748.3134765625, -99.72101
17760.5200195313, -96.83246
17772.7265625000, -98.79111
17784.9331054688, -100.84945
17797.1396484375, -100.73775
17809.3461914063, -100.67275
17821.5527343750, -99.74661
17833.7592773438, -99.57561
17845.9658203125, -100.71565
17858.1723632813, -100.69959
17870.3789062500, -101.21524
17882.5854492188, -101.15022
17894.7919921875, -101.65324
17906.9985351563, -101.22434
17919.2050781250, -100.43369
17931.4116210938, -99.46941
17943.6181640625, -99.91199
17955.8247070313, -100.63660
17968.0312500000, -101.08280
17980.2377929688, -101.68590
17992.4443359375, -100.90067
18004.6508789063, -100.62509
18016.8574218750, -100.46902
18029.0639648438, -96.61480
18041.2705078125, -96.79234
18053.4770507813, -101.00946
18065.6835937500, -101.54614
18077.8901367188, -101.11626
18090.0966796875, -101.26871
18102.3032226563, -101.28836
18114.5097656250, -101.54688
18126.7163085938, -100.56741
18138.9228515625, -99.05083
18151.1293945313, -102.07993
18163.3359375000, -102.62480
18175.5424804688, -100.69897
18187.7490234375, -101.04685
18199.9555664063, -101.75866
18212.1621093750, -102.16911
18224.3686523438, -101.48775
18236.5751953125, -101.71147
18248.7817382813, -101.61290
18260.9882812500, -101.67811
18273.1948242188, -102.57401
18285.4013671875, -102.39627
18297.6079101563, -102.16177
18309.8144531250, -101.90309
18322.0209960938, -102.12432
18334.2275390625, -100.95990
18346.4340820313, -101.62072
18358.6406250000, -102.46366
18370.8471679688, -102.13310
18383.0537109375, -102.63643
18395.2602539063, -102.04782
18407.4667968750, -101.51578
18419.6733398438, -101.78756
18431.8798828125, -100.90177
18444.0864257813, -101.13928
18456.2929687500, -101.46293
18468.4995117188, -102.81301
18480.7060546875, -102.00162
18492.9125976563, -102.01702
18505.1191406250, -101.39640
18517.3256835938, -101.08217
18529.5322265625, -101.46527
18541.7387695313, -102.61502
18553.9453125000, -102.54599
18566.1518554688, -101.77606
18578.3583984375, -101.99059
18590.5649414063, -102.53316
18602.7714843750, -101.40604
18614.9780273438, -101.43814
18627.1845703125, -102.29024
18639.3911132813, -102.01554
18651.5976562500, -101.80461
18663.8041992188, -101.61246
18676.0107421875, -101.87746
18688.2172851563, -103.04968
18700.4238281250, -102.85092
18712.6303710938, -101.36586
18724.8369140625, -101.39844
18737.0434570313, -101.52953
18749.2500000000, -101.39617
18761.4565429688, -101.96444
18773.6630859375, -102.14424
18785.8696289063, -102.23957
18798.0761718750, -102.22243
18810.2827148438, -102.26303
18822.4892578125, -101.53369
18834.6958007813, -103.09267
18846.9023437500, -103.08889
18859.1088867188, -103.48537
18871.3154296875, -102.21199
18883.5219726563, -102.75722
18895.7285156250, -102.18389
18907.9350585938, -102.43527
18920.1416015625, -102.08843
18932.3481445313, -102.56901
18944.5546875000, -102.68833
18956.7612304688, -101.99372
18968.9677734375, -101.99570
18981.1743164063, -102.47911
18993.3808593750, -103.16432
19005.5874023438, -102.64065
19017.7939453125, -102.09664
19030.0004882813, -101.29894
19042.2070312500, -102.39249
19054.4135742188, -102.39338
19066.6201171875, -102.09066
19078.8266601563, -102.33868
19091.0332031250, -102.13732
19103.2397460938, -101.84972
19115.4462890625, -101.90677
19127.6528320313, -102.30145
19139.8593750000, -103.17166
19152.0659179688, -103.27332
19164.2724609375, -102.41114
19176.4790039063, -103.41516
19188.6855468750, -102.36926
19200.8920898438, -102.10398
19213.0986328125, -102.30695
19225.3051757813, -103.19433
19237.5117187500, -102.12916
19249.7182617188, -103.09922
19261.9248046875, -103.25986
19274.1313476563, -103.51960
19286.3378906250, -102.69876
19298.5444335938, -102.49640
19310.7509765625, -102.82955
19322.9575195313, -102.79142
19335.1640625000, -101.78279
19347.3706054688, -102.60922
19359.5771484375, -103.57816
19371.7836914063, -102.95787
19383.9902343750, -102.75772
19396.1967773438, -103.08948
19408.4033203125, -103.27867
19420.6098632813, -103.87796
19432.8164062500, -103.38224
19445.0229492188, -103.49532
19457.2294921875, -103.27075
19469.4360351563, -102.98156
19481.6425781250, -103.14767
19493.8491210938, -103.21711
19506.0556640625, -101.88595
19518.2622070313, -102.60667
19530.4687500000, -102.56043
19542.6752929688, -102.38949
19554.8818359375, -101.98601
19567.0883789063, -102.15757
19579.2949218750, -102.17530
19591.5014648438, -102.78266
19603.7080078125, -102.10057
19615.9145507813, -101.61532
19628.1210937500, -102.29548
19640.3276367188, -102.48536
19652.5341796875, -101.82750
19664.7407226563, -102.39709
19676.9472656250, -103.42863
19689.1538085938, -103.27967
19701.3603515625, -101.88317
19713.5668945313, -101.94289
19725.7734375000, -102.92206
19737.9799804688, -102.75335
19750.1865234375, -102.62962
19762.3930664063, -102.95203
19774.5996093750, -103.28334
19786.8061523438, -102.31713
19799.0126953125, -102.51222
19811.2192382813, -103.15507
19823.4257812500, -103.33597
19835.6323242188, -103.03877
19847.8388671875, -102.52849
19860.0454101563, -103.20482
19872.2519531250, -102.57767
19884.4584960938, -102.74394
19896.6650390625, -103.07343
19908.8715820313, -102.83380
19921.0781250000, -103.15777
19933.2846679688, -102.83426
19945.4912109375, -103.13534
19957.6977539063, -102.43336
19969.9042968750, -102.93794
19982.1108398438, -102.53976
19994.3173828125, -102.21508
20006.5239257813, -102.91250
20018.7304687500, -102.94338
20030.9370117188, -102.72850
20043.1435546875, -103.09045
20055.3500976563, -102.82870
20067.5566406250, -102.18118
20079.7631835938, -101.96328
20091.9697265625, -102.74334
20104.1762695313, -102.86706
20116.3828125000, -102.97541
20128.5893554688, -104.09633
20140.7958984375, -103.70546
20153.0024414063, -102.18660
20165.2089843750, -102.45929
20177.4155273438, -102.40318
20189.6220703125, -102.09862
20201.8286132813, -102.64179
20214.0351562500, -101.93410
20226.2416992188, -102.31324
20238.4482421875, -102.46587
20250.6547851563, -103.40348
20262.8613281250, -103.27710
20275.0678710938, -102.90123
20287.2744140625, -103.59188
20299.4809570313, -102.87893
20311.6875000000, -103.27473
20323.8940429688, -102.49134
20336.1005859375, -102.14469
20348.3071289063, -101.63503
20360.5136718750, -103.29945
20372.7202148438, -103.64251
20384.9267578125, -102.37357
20397.1333007813, -102.14289
20409.3398437500, -102.40081
20421.5463867188, -102.12520
20433.7529296875, -103.56814
20445.9594726563, -102.91833
20458.1660156250, -102.34431
20470.3725585938, -102.39373
20482.5791015625, -102.79498
20494.7856445313, -103.01275
20506.9921875000, -102.55351
20519.1987304688, -102.64009
20531.4052734375, -102.52866
20543.6118164063, -102.41301
20555.8183593750, -102.22604
20568.0249023438, -103.00449
20580.2314453125, -103.58812
20592.4379882813, -103.06562
20604.6445312500, -102.80447
20616.8510742188, -102.94377
20629.0576171875, -102.36740
20641.2641601563, -102.21935
20653.4707031250, -102.34726
20665.6772460938, -103.32860
20677.8837890625, -103.49301
20690.0903320313, -103.40219
20702.2968750000, -103.80861
20714.5034179688, -103.59124
20726.7099609375, -101.76663
20738.9165039063, -102.99776
20751.1230468750, -102.86585
20763.3295898438, -102.34022
20775.5361328125, -102.25577
20787.7426757813, -104.40488
20799.9492187500, -103.14204
20812.1557617188, -102.63957
20824.3623046875, -103.08939
20836.5688476563, -102.54593
20848.7753906250, -102.27439
20860.9819335938, -102.39526
20873.1884765625, -102.87686
20885.3950195313, -102.40777
20897.6015625000, -102.88156
20909.8081054688, -102.89939
20922.0146484375, -102.59354
20934.2211914063, -102.82570
20946.4277343750, -102.60645
20958.6342773438, -103.37108
20970.8408203125, -102.40744
20983.0473632813, -102.33392
20995.2539062500, -103.25069
21007.4604492188, -102.27683
21019.6669921875, -102.38878
21031.8735351563, -102.51169
21044.0800781250, -102.55718
21056.2866210938, -102.61101
21068.4931640625, -103.07724
21080.6997070313, -102.55807
21092.9062500000, -103.33558
21105.1127929688, -102.56360
21117.3193359375, -103.10315
21129.5258789063, -102.43597
21141.7324218750, -102.18725
21153.9389648438, -102.80729
21166.1455078125, -102.58486
21178.3520507813, -102.76494
21190.5585937500, -103.18279
21202.7651367188, -102.69392
21214.9716796875, -103.34913
21227.1782226563, -103.69076
21239.3847656250, -102.16309
21251.5913085938, -101.87681
21263.7978515625, -103.67739
21276.0043945313, -103.16951
21288.2109375000, -102.91642
21300.4174804688, -102.68547
21312.6240234375, -103.00860
21324.8305664063, -103.14205
21337.0371093750, -102.28167
21349.2436523438, -102.39312
21361.4501953125, -103.50929
21373.6567382813, -102.92660
21385.8632812500, -102.20554
21398.0698242188, -103.15686
21410.2763671875, -103.87346
21422.4829101563, -103.14542
21434.6894531250, -102.40843
21446.8959960938, -103.51390
21459.1025390625, -102.87748
21471.3090820313, -102.75504
21483.5156250000, -102.37883
21495.7221679688, -102.47004
21507.9287109375, -103.38618
21520.1352539063, -102.74262
21532.3417968750, -103.77477
21544.5483398438, -103.16446
21556.7548828125, -104.10413
21568.9614257813, -102.91995
21581.1679687500, -103.13633
21593.3745117188, -102.66422
21605.5810546875, -102.78901
21617.7875976563, -103.47514
21629.9941406250, -103.65652
21642.2006835938, -103.56327
21654.4072265625, -103.55396
21666.6137695313, -103.07921
21678.8203125000, -102.84082
21691.0268554688, -103.91619
21703.2333984375, -102.82901
21715.4399414063, -103.20976
21727.6464843750, -103.41331
21739.8530273438, -103.38860
21752.0595703125, -103.07507
21764.2661132813, -104.01113
21776.4726562500, -103.44698
21788.6791992188, -102.86680
21800.8857421875, -102.08156
21813.0922851563, -102.78938
21825.2988281250, -102.86447
21837.5053710938, -102.44525
21849.7119140625, -102.98791
21861.9184570313, -102.80631
21874.1250000000, -102.87986
21886.3315429688, -102.58090
21898.5380859375, -103.17261
21910.7446289063, -103.65534
21922.9511718750, -103.06516
21935.1577148438, -102.68309
21947.3642578125, -103.58127
21959.5708007813, -103.24381
21971.7773437500, -102.86661
21983.9838867188, -103.07008
21996.1904296875, -103.88963
22008.3969726563, -103.45865
22020.6035156250, -102.67053
22032.8100585938, -102.31430
22045.0166015625, -103.50295
22057.2231445313, -102.78158
22069.4296875000, -102.54120
22081.6362304688, -103.01427
22093.8427734375, -103.68459
22106.0493164063, -102.83611
22118.2558593750, -103.03487
22130.4624023438, -101.79326
22142.6689453125, -102.06975
22154.8754882813, -102.93132
22167.0820312500, -102.75709
22179.2885742188, -103.08196
22191.4951171875, -103.53985
22203.7016601563, -102.46072
22215.9082031250, -103.46391
22228.1147460938, -103.73858
22240.3212890625, -103.59281
22252.5278320313, -103.94229
22264.7343750000, -103.61685
22276.9409179688, -104.04733
22289.1474609375, -102.95116
22301.3540039063, -103.10899
22313.5605468750, -103.59825
22325.7670898438, -103.18801
22337.9736328125, -102.54058
22350.1801757813, -102.18229
22362.3867187500, -102.63121
22374.5932617188, -103.35794
22386.7998046875, -102.09438
22399.0063476563, -103.43638
22411.2128906250, -103.75298
22423.4194335938, -103.95650
22435.6259765625, -102.67240
22447.8325195313, -102.14147
22460.0390625000, -103.00982
22472.2456054688, -103.08659
22484.4521484375, -102.96608
22496.6586914063, -103.01014
22508.8652343750, -102.87969
22521.0717773438, -103.37992
22533.2783203125, -102.83956
22545.4848632813, -103.06604
22557.6914062500, -103.27170
22569.8979492188, -102.62347
22582.1044921875, -102.45439
22594.3110351563, -103.35462
22606.5175781250, -103.19455
22618.7241210938, -102.55695
22630.9306640625, -103.06061
22643.1372070313, -103.50698
22655.3437500000, -103.58188
22667.5502929688, -102.31860
22679.7568359375, -103.08737
22691.9633789063, -104.00914
22704.1699218750, -103.34986
22716.3764648438, -103.11548
22728.5830078125, -102.84316
22740.7895507813, -103.91504
22752.9960937500, -103.96954
22765.2026367188, -104.01096
22777.4091796875, -104.21257
22789.6157226563, -102.82627
22801.8222656250, -103.53507
22814.0288085938, -102.97602
22826.2353515625, -103.39690
22838.4418945313, -103.04374
22850.6484375000, -103.28264
22862.8549804688, -103.07339
22875.0615234375, -103.47827
22887.2680664063, -103.26521
22899.4746093750, -103.43256
22911.6811523438, -103.51768
22923.8876953125, -103.13349
22936.0942382813, -103.90865
22948.3007812500, -103.08478
22960.5073242188, -103.29324
22972.7138671875, -103.12389
22984.9204101563, -103.37874
22997.1269531250, -103.02798
23009.3334960938, -103.23470
23021.5400390625, -103.80310
23033.7465820313, -103.36455
23045.9531250000, -103.08249
23058.1596679688, -102.97062
23070.3662109375, -102.42893
23082.5727539063, -102.24793
23094.7792968750, -102.99659
23106.9858398438, -102.93177
23119.1923828125, -102.00073
23131.3989257813, -102.38342
23143.6054687500, -102.61483
23155.8120117188, -103.48155
23168.0185546875, -104.01084
23180.2250976563, -103.70497
23192.4316406250, -103.00224
23204.6381835938, -102.07940
23216.8447265625, -102.00991
23229.0512695313, -103.46229
23241.2578125000, -102.65525
23253.4643554688, -103.21688
23265.6708984375, -102.49573
23277.8774414063, -103.80786
23290.0839843750, -103.01549
23302.2905273438, -103.23840
23314.4970703125, -102.87042
23326.7036132813, -102.62127
23338.9101562500, -102.84920
23351.1166992188, -102.36146
23363.3232421875, -102.70630
23375.5297851563, -103.30979
23387.7363281250, -103.33118
23399.9428710938, -102.82825
23412.1494140625, -102.54222
23424.3559570313, -102.60078
23436.5625000000, -103.81930
23448.7690429688, -103.20742
23460.9755859375, -103.39343
23473.1821289063, -102.53344
23485.3886718750, -103.61261
23497.5952148438, -102.94277
23509.8017578125, -103.20845
23522.0083007813, -103.86909
23534.2148437500, -103.27173
23546.4213867188, -103.76170
23558.6279296875, -102.96254
23570.8344726563, -102.99287
23583.0410156250, -102.69161
23595.2475585938, -103.08184
23607.4541015625, -103.74805
23619.6606445313, -103.71232
23631.8671875000, -103.03787
23644.0737304688, -103.77375
23656.2802734375, -103.20266
23668.4868164063, -103.39863
23680.6933593750, -102.55637
23692.8999023438, -102.62238
23705.1064453125, -101.89753
23717.3129882813, -104.27233
23729.5195312500, -104.61835
23741.7260742188, -103.68360
23753.9326171875, -103.11427
23766.1391601563, -103.71965
23778.3457031250, -103.07004
23790.5522460938, -102.81501
23802.7587890625, -102.47844
23814.9653320313, -103.19472
23827.1718750000, -103.27014
23839.3784179688, -103.50585
23851.5849609375, -103.38839
23863.7915039063, -103.41660
23875.9980468750, -102.62525
23888.2045898438, -102.77826
23900.4111328125, -102.81757
23912.6176757813, -103.75869
23924.8242187500, -103.24072
23937.0307617188, -102.83198
23949.2373046875, -102.55428
23961.4438476563, -103.57212
23973.6503906250, -103.25894
23985.8569335938, -103.64336
23998.0634765625, -103.07124
24010.2700195313, -103.83879
24022.4765625000, -103.35666
24034.6831054688, -102.34616
24046.8896484375, -103.38731
24059.0961914063, -103.33547
24071.3027343750, -101.90978
24083.5092773438, -102.17902
24095.7158203125, -103.16486
24107.9223632813, -103.65213
24120.1289062500, -103.07350
24132.3354492188, -103.05376
24144.5419921875, -102.25908
24156.7485351563, -103.45921
24168.9550781250, -102.30265
24181.1616210938, -102.49085
24193.3681640625, -102.79158
24205.5747070313, -103.03294
24217.7812500000, -103.30061
24229.9877929688, -103.58108
24242.1943359375, -103.78328
24254.4008789063, -103.90276
24266.6074218750, -103.86284
24278.8139648438, -103.75198
24291.0205078125, -103.61970
24303.2270507813, -103.20032
24315.4335937500, -103.39994
24327.6401367188, -103.79349
24339.8466796875, -102.94956
24352.0532226563, -103.01986
24364.2597656250, -103.76330
24376.4663085938, -102.76837
24388.6728515625, -102.62820
24400.8793945313, -103.89743
24413.0859375000, -102.70989
24425.2924804688, -103.38406
24437.4990234375, -103.15069
24449.7055664063, -103.38683
24461.9121093750, -103.51289
24474.1186523438, -103.57631
24486.3251953125, -103.71036
24498.5317382813, -103.55763
24510.7382812500, -104.15118
24522.9448242188, -103.33842
24535.1513671875, -103.90639
24547.3579101563, -103.73644
24559.5644531250, -103.39847
24571.7709960938, -103.69326
24583.9775390625, -103.90397
24596.1840820313, -103.62122
24608.3906250000, -103.44506
24620.5971679688, -104.48856
24632.8037109375, -103.68819
24645.0102539063, -103.24081
24657.2167968750, -102.95866
24669.4233398438, -103.40839
24681.6298828125, -103.52580
24693.8364257813, -103.52120
24706.0429687500, -102.99283
24718.2495117188, -103.62538
24730.4560546875, -103.62111
24742.6625976563, -103.11435
24754.8691406250, -103.48738
24767.0756835938, -102.45755
24779.2822265625, -102.89975
24791.4887695313, -102.26250
24803.6953125000, -101.97358
24815.9018554688, -101.95277
24828.1083984375, -102.59187
24840.3149414063, -102.64667
24852.5214843750, -103.20389
24864.7280273438, -102.83695
24876.9345703125, -104.02084
24889.1411132813, -104.41123
24901.3476562500, -103.24950
24913.5541992188, -102.54226
24925.7607421875, -102.06889
24937.9672851563, -102.23692
24950.1738281250, -102.13269
24962.3803710938, -103.31436
24974.5869140625, -103.86449
24986.7934570313, -105.73612
