0.0000000000, -88.04867
12.2065429688, -67.92942
24.4130859375, -60.09809
36.6196289063, -63.04345
48.8261718750, -73.70806
61.0327148438, -76.60034
73.2392578125, -85.37501
85.4458007813, -87.11157
97.6523437500, -88.57208
109.8588867188, -88.59835
122.0654296875, -93.04309
134.2719726563, -96.92138
146.4785156250, -90.56591
158.6850585938, -92.17379
170.8916015625, -100.20490
183.0981445313, -101.90820
195.3046875000, -102.03602
207.5112304688, -101.59599
219.7177734375, -101.56037
231.9243164063, -98.92016
244.1308593750, -96.07886
256.3374023438, -97.62780
268.5439453125, -104.86494
280.7504882813, -105.13862
292.9570312500, -104.34845
305.1635742188, -103.84999
317.3701171875, -107.31342
329.5766601563, -108.95088
341.7832031250, -106.07201
353.9897460938, -105.28720
366.1962890625, -111.13242
378.4028320313, -110.86415
390.6093750000, -108.33465
402.8159179688, -109.97172
415.0224609375, -109.78755
427.2290039063, -109.33085
439.4355468750, -110.61427
451.6420898438, -109.11281
463.8486328125, -111.57155
476.0551757813, -111.38816
488.2617187500, -112.50086
500.4682617188, -113.75102
512.6748046875, -114.77833
524.8813476563, -114.13534
537.0878906250, -113.46238
549.2944335938, -111.49134
561.5009765625, -112.29626
573.7075195313, -113.94222
585.9140625000, -113.84264
598.1206054688, -112.72847
610.3271484375, -113.77306
622.5336914063, -114.33913
634.7402343750, -115.16142
646.9467773438, -114.35605
659.1533203125, -113.56408
671.3598632813, -112.25696
683.5664062500, -111.77708
695.7729492188, -112.48090
707.9794921875, -112.98160
720.1860351563, -111.33110
732.3925781250, -112.14714
744.5991210938, -112.78689
756.8056640625, -112.61525
769.0122070313, -112.39547
781.2187500000, -111.37505
793.4252929688, -111.92193
805.6318359375, -112.98356
817.8383789063, -114.02508
830.0449218750, -113.48238
842.2514648438, -110.73154
854.4580078125, -109.21004
866.6645507813, -114.35536
878.8710937500, -115.45132
891.0776367188, -115.41632
903.2841796875, -114.87668
915.4907226563, -113.97632
927.6972656250, -112.77028
939.9038085938, -113.08992
952.1103515625, -112.71466
964.3168945313, -114.55410
976.5234375000, -115.99352
988.7299804688, -115.04517
1000.9365234375, -114.92504
1013.1430664063, -116.00955
1025.3496093750, -114.96427
1037.5561523438, -114.81171
1049.7626953125, -112.79526
1061.9692382813, -115.26764
1074.1757812500, -116.90820
1086.3823242188, -117.63652
1098.5888671875, -117.24427
1110.7954101563, -117.46940
1123.0019531250, -117.42666
1135.2084960938, -115.64875
1147.4150390625, -112.85193
1159.6215820313, -115.39371
1171.8281250000, -117.86903
1184.0346679688, -117.07181
1196.2412109375, -117.80842
1208.4477539063, -117.57401
1220.6542968750, -117.16710
1232.8608398438, -118.80572
1245.0673828125, -117.70680
1257.2739257813, -118.27667
1269.4804687500, -117.74630
1281.6870117188, -118.82635
1293.8935546875, -117.80628
1306.1000976563, -117.32344
1318.3066406250, -119.24028
1330.5131835938, -117.29604
1342.7197265625, -115.05076
1354.9262695313, -115.55543
1367.1328125000, -118.94119
1379.3393554688, -118.13601
1391.5458984375, -116.83297
1403.7524414063, -117.67419
1415.9589843750, -118.68898
1428.1655273438, -118.72721
1440.3720703125, -117.18093
1452.5786132813, -115.11244
1464.7851562500, -117.42463
1476.9916992188, -117.42016
1489.1982421875, -116.11247
1501.4047851563, -112.60041
1513.6113281250, -116.07542
1525.8178710938, -118.86001
1538.0244140625, -117.68322
1550.2309570313, -117.19463
1562.4375000000, -119.37963
1574.6440429688, -118.85921
1586.8505859375, -118.85968
1599.0571289063, -119.25696
1611.2636718750, -118.54138
1623.4702148438, -119.02212
1635.6767578125, -118.90997
1647.8833007813, -117.56771
1660.0898437500, -118.48036
1672.2963867188, -118.81037
1684.5029296875, -119.45809
1696.7094726563, -119.17205
1708.9160156250, -119.15958
1721.1225585938, -118.55569
1733.3291015625, -118.51772
1745.5356445313, -115.85665
1757.7421875000, -117.29503
1769.9487304688, -119.64489
1782.1552734375, -119.18062
1794.3618164063, -118.88244
1806.5683593750, -118.95116
1818.7749023438, -119.28754
1830.9814453125, -119.72070
1843.1879882813, -119.78849
1855.3945312500, -118.32379
1867.6010742188, -119.36402
1879.8076171875, -120.73898
1892.0141601563, -119.72874
1904.2207031250, -120.51764
1916.4272460938, -120.58417
1928.6337890625, -120.13071
1940.8403320313, -120.16264
1953.0468750000, -120.26207
1965.2534179688, -121.48021
1977.4599609375, -121.05556
1989.6665039063, -120.00981
2001.8730468750, -118.67518
2014.0795898438, -119.05846
2026.2861328125, -120.52137
2038.4926757813, -119.76442
2050.6992187500, -119.43609
2062.9057617188, -119.83493
2075.1123046875, -119.50853
2087.3188476563, -121.81578
2099.5253906250, -120.73676
2111.7319335938, -119.96247
2123.9384765625, -120.43305
2136.1450195313, -121.36116
2148.3515625000, -121.03285
2160.5581054688, -120.66315
2172.7646484375, -120.29741
2184.9711914063, -120.44445
2197.1777343750, -120.36509
2209.3842773438, -120.40898
2221.5908203125, -119.54890
2233.7973632813, -119.84147
2246.0039062500, -119.93213
2258.2104492188, -119.91125
2270.4169921875, -120.20531
2282.6235351563, -120.46304
2294.8300781250, -120.77650
2307.0366210938, -120.08498
2319.2431640625, -119.22631
2331.4497070313, -119.67243
2343.6562500000, -120.19943
2355.8627929688, -121.21679
2368.0693359375, -121.84523
2380.2758789063, -120.66967
2392.4824218750, -121.30910
2404.6889648438, -121.17347
2416.8955078125, -120.83436
2429.1020507813, -120.09346
2441.3085937500, -121.74070
2453.5151367188, -121.65926
2465.7216796875, -121.01350
2477.9282226563, -121.31647
2490.1347656250, -120.42981
2502.3413085938, -120.14149
2514.5478515625, -120.27842
2526.7543945313, -120.33785
2538.9609375000, -120.09540
2551.1674804688, -119.35316
2563.3740234375, -119.39715
2575.5805664063, -119.58242
2587.7871093750, -119.90167
2599.9936523438, -120.70156
2612.2001953125, -121.33662
2624.4067382813, -120.36309
2636.6132812500, -120.95015
2648.8198242188, -120.78175
2661.0263671875, -119.99072
2673.2329101563, -120.64649
2685.4394531250, -121.14082
2697.6459960938, -121.87014
2709.8525390625, -122.02309
2722.0590820313, -120.98052
2734.2656250000, -120.81687
2746.4721679688, -121.05950
2758.6787109375, -120.25011
2770.8852539063, -120.66208
2783.0917968750, -120.53472
2795.2983398438, -120.75001
2807.5048828125, -121.47648
2819.7114257813, -121.55714
2831.9179687500, -121.10416
2844.1245117188, -120.74681
2856.3310546875, -119.74222
2868.5375976563, -120.35394
2880.7441406250, -120.70380
2892.9506835938, -121.89608
2905.1572265625, -120.77367
2917.3637695313, -120.79275
2929.5703125000, -120.85156
2941.7768554688, -122.30811
2953.9833984375, -120.69284
2966.1899414063, -119.93933
2978.3964843750, -119.93007
2990.6030273438, -120.28197
3002.8095703125, -120.36980
3015.0161132813, -121.16809
3027.2226562500, -121.00926
3039.4291992188, -120.58554
3051.6357421875, -120.18234
3063.8422851563, -120.73566
3076.0488281250, -121.36233
3088.2553710938, -120.62580
3100.4619140625, -120.81913
3112.6684570313, -121.47826
3124.8750000000, -121.70220
3137.0815429688, -121.79538
3149.2880859375, -121.86570
3161.4946289063, -120.82457
3173.7011718750, -120.07157
3185.9077148438, -121.57697
3198.1142578125, -121.24911
3210.3208007813, -119.55899
3222.5273437500, -119.82785
3234.7338867188, -121.28373
3246.9404296875, -121.07083
3259.1469726563, -121.16454
3271.3535156250, -121.41778
3283.5600585938, -121.79040
3295.7666015625, -121.68805
3307.9731445313, -121.22198
3320.1796875000, -121.86880
3332.3862304688, -120.88601
3344.5927734375, -120.40525
3356.7993164063, -121.19821
3369.0058593750, -119.74522
3381.2124023438, -119.90290
3393.4189453125, -120.19514
3405.6254882813, -118.80268
3417.8320312500, -121.42039
3430.0385742188, -121.71163
3442.2451171875, -120.87504
3454.4516601563, -121.28129
3466.6582031250, -121.99253
3478.8647460938, -121.24100
3491.0712890625, -121.20500
3503.2778320313, -121.70704
3515.4843750000, -121.42704
3527.6909179688, -121.65494
3539.8974609375, -121.17568
3552.1040039063, -121.10225
3564.3105468750, -121.64005
3576.5170898438, -121.51874
3588.7236328125, -121.49232
3600.9301757813, -121.95673
3613.1367187500, -121.68170
3625.3432617188, -120.99082
3637.5498046875, -121.19716
3649.7563476563, -120.90800
3661.9628906250, -121.72689
3674.1694335938, -120.50772
3686.3759765625, -120.75528
3698.5825195313, -121.28213
3710.7890625000, -121.61226
3722.9956054688, -121.08158
3735.2021484375, -121.86616
3747.4086914063, -121.78634
3759.6152343750, -120.56601
3771.8217773438, -120.12128
3784.0283203125, -121.25970
3796.2348632813, -120.59400
3808.4414062500, -119.35375
3820.6479492188, -121.75329
3832.8544921875, -121.40506
3845.0610351563, -119.70182
3857.2675781250, -120.93353
3869.4741210938, -121.45027
3881.6806640625, -120.61716
3893.8872070313, -120.68356
3906.0937500000, -121.58343
3918.3002929688, -121.02359
3930.5068359375, -120.60097
3942.7133789063, -119.16152
3954.9199218750, -120.92000
3967.1264648438, -121.92841
3979.3330078125, -121.88758
3991.5395507813, -121.52803
4003.7460937500, -121.32794
4015.9526367188, -120.73368
4028.1591796875, -120.58963
4040.3657226563, -121.27303
4052.5722656250, -120.20021
4064.7788085938, -110.76517
4076.9853515625, -108.26574
4089.1918945313, -116.79912
4101.3984375000, -121.16517
4113.6049804688, -120.15020
4125.8115234375, -119.02067
4138.0180664063, -116.89153
4150.2246093750, -114.63188
4162.4311523438, -119.24209
4174.6376953125, -121.00258
4186.8442382813, -120.17596
4199.0507812500, -122.68305
4211.2573242188, -121.70773
4223.4638671875, -120.85531
4235.6704101563, -119.86593
4247.8769531250, -120.95153
4260.0834960938, -121.25238
4272.2900390625, -120.46850
4284.4965820313, -120.51935
4296.7031250000, -118.64354
4308.9096679688, -119.94518
4321.1162109375, -122.10596
4333.3227539063, -121.77293
4345.5292968750, -121.38680
4357.7358398438, -118.44179
4369.9423828125, -118.53302
4382.1489257813, -122.32553
4394.3554687500, -121.36684
4406.5620117188, -119.59804
4418.7685546875, -117.03973
4430.9750976563, -118.92071
4443.1816406250, -120.16335
4455.3881835938, -122.17122
4467.5947265625, -121.57648
4479.8012695313, -121.70275
4492.0078125000, -122.08079
4504.2143554688, -121.35357
4516.4208984375, -121.84037
4528.6274414063, -122.02751
4540.8339843750, -121.03102
4553.0405273438, -119.01720
4565.2470703125, -120.25218
4577.4536132813, -121.38284
4589.6601562500, -121.70125
4601.8666992188, -118.91314
4614.0732421875, -117.51810
4626.2797851563, -120.46536
4638.4863281250, -121.38239
4650.6928710938, -121.07768
4662.8994140625, -120.78437
4675.1059570313, -120.93308
4687.3125000000, -121.11456
4699.5190429688, -121.03613
4711.7255859375, -120.53781
4723.9321289063, -122.20622
4736.1386718750, -121.37319
4748.3452148438, -120.58728
4760.5517578125, -121.26591
4772.7583007813, -122.09195
4784.9648437500, -121.54006
4797.1713867188, -121.95042
4809.3779296875, -122.63122
4821.5844726563, -121.46719
4833.7910156250, -120.74376
4845.9975585938, -121.96453
4858.2041015625, -121.88778
4870.4106445313, -121.32893
4882.6171875000, -121.10084
4894.8237304688, -121.64457
4907.0302734375, -121.72311
4919.2368164063, -121.71764
4931.4433593750, -121.73007
4943.6499023438, -121.53979
4955.8564453125, -120.58358
4968.0629882813, -120.77914
4980.2695312500, -121.13369
4992.4760742188, -122.12300
5004.6826171875, -121.50537
5016.8891601563, -121.45423
5029.0957031250, -121.84313
5041.3022460938, -121.77437
5053.5087890625, -121.33168
5065.7153320313, -120.41309
5077.9218750000, -117.51408
5090.1284179688, -119.40066
5102.3349609375, -121.33372
5114.5415039063, -121.50209
5126.7480468750, -120.97681
5138.9545898438, -121.28382
5151.1611328125, -121.76402
5163.3676757813, -120.87879
5175.5742187500, -121.09364
5187.7807617188, -121.55288
5199.9873046875, -122.24278
5212.1938476563, -121.67592
5224.4003906250, -122.67502
5236.6069335938, -121.77040
5248.8134765625, -122.27661
5261.0200195313, -121.76783
5273.2265625000, -121.24001
5285.4331054688, -120.65722
5297.6396484375, -121.59103
5309.8461914063, -122.38010
5322.0527343750, -121.15053
5334.2592773438, -121.94316
5346.4658203125, -123.03394
5358.6723632813, -121.94913
5370.8789062500, -121.78837
5383.0854492188, -122.81391
5395.2919921875, -121.77970
5407.4985351563, -121.38385
5419.7050781250, -121.15555
5431.9116210938, -122.51323
5444.1181640625, -121.90010
5456.3247070313, -121.43469
5468.5312500000, -122.37366
5480.7377929688, -122.38512
5492.9443359375, -121.69545
5505.1508789063, -121.59472
5517.3574218750, -122.20162
5529.5639648438, -121.79651
5541.7705078125, -121.75528
5553.9770507813, -122.14820
5566.1835937500, -121.32057
5578.3901367188, -121.54439
5590.5966796875, -122.05163
5602.8032226563, -122.13974
5615.0097656250, -121.94276
5627.2163085938, -121.75425
5639.4228515625, -121.47886
5651.6293945313, -121.93579
5663.8359375000, -120.93268
5676.0424804688, -120.80851
5688.2490234375, -122.09259
5700.4555664063, -122.22336
5712.6621093750, -121.78371
5724.8686523438, -121.30818
5737.0751953125, -121.33701
5749.2817382813, -121.80964
5761.4882812500, -121.62396
5773.6948242188, -121.58541
5785.9013671875, -121.28512
5798.1079101563, -120.98627
5810.3144531250, -122.29077
5822.5209960938, -121.94258
5834.7275390625, -121.17339
5846.9340820313, -120.85879
5859.1406250000, -120.43728
5871.3471679688, -120.29265
5883.5537109375, -118.60984
5895.7602539063, -121.44104
5907.9667968750, -122.71657
5920.1733398438, -122.44663
5932.3798828125, -122.12406
5944.5864257813, -121.62033
5956.7929687500, -121.11090
5968.9995117188, -120.81651
5981.2060546875, -121.06790
5993.4125976563, -120.75180
6005.6191406250, -121.00846
6017.8256835938, -120.77015
6030.0322265625, -119.86329
6042.2387695313, -121.23843
6054.4453125000, -122.15860
6066.6518554688, -121.87250
6078.8583984375, -122.62093
6091.0649414063, -121.61530
6103.2714843750, -120.25199
6115.4780273438, -120.95444
6127.6845703125, -121.97224
6139.8911132813, -121.42306
6152.0976562500, -121.01506
6164.3041992188, -121.79680
6176.5107421875, -121.19361
6188.7172851563, -120.69013
6200.9238281250, -121.01572
6213.1303710938, -121.34088
6225.3369140625, -121.29151
6237.5434570313, -121.81245
6249.7500000000, -122.73288
6261.9565429688, -122.50001
6274.1630859375, -123.33683
6286.3696289063, -121.76323
6298.5761718750, -120.34263
6310.7827148438, -120.44215
6322.9892578125, -120.95179
6335.1958007813, -119.05808
6347.4023437500, -118.12810
6359.6088867188, -121.05204
6371.8154296875, -121.38293
6384.0219726563, -121.79715
6396.2285156250, -121.08317
6408.4350585938, -121.85188
6420.6416015625, -121.52740
6432.8481445313, -121.46258
6445.0546875000, -120.69193
6457.2612304688, -121.85689
6469.4677734375, -121.18291
6481.6743164063, -121.93016
6493.8808593750, -120.93550
6506.0874023438, -120.64702
6518.2939453125, -121.32723
6530.5004882813, -121.44435
6542.7070312500, -121.72650
6554.9135742188, -121.43631
6567.1201171875, -120.81197
6579.3266601563, -121.43168
6591.5332031250, -121.76858
6603.7397460938, -121.15014
6615.9462890625, -121.55227
6628.1528320313, -121.75399
6640.3593750000, -120.64554
6652.5659179688, -120.74781
6664.7724609375, -121.27583
6676.9790039063, -120.94502
6689.1855468750, -121.51408
6701.3920898438, -121.00533
6713.5986328125, -120.97647
6725.8051757813, -121.09144
6738.0117187500, -121.22397
6750.2182617188, -122.12608
6762.4248046875, -122.53282
6774.6313476563, -121.58731
6786.8378906250, -120.39525
6799.0444335938, -119.37672
6811.2509765625, -119.90632
6823.4575195313, -118.77880
6835.6640625000, -117.44125
6847.8706054688, -119.79904
6860.0771484375, -120.38902
6872.2836914063, -120.56361
6884.4902343750, -120.41075
6896.6967773438, -121.29265
6908.9033203125, -121.32772
6921.1098632813, -121.02884
6933.3164062500, -121.40830
6945.5229492188, -121.03343
6957.7294921875, -120.78803
6969.9360351563, -121.41591
6982.1425781250, -121.18352
6994.3491210938, -121.26119
7006.5556640625, -121.18380
7018.7622070313, -121.45515
7030.9687500000, -121.86480
7043.1752929688, -122.15946
7055.3818359375, -122.83488
7067.5883789063, -121.11225
7079.7949218750, -114.86879
7092.0014648438, -97.41852
7104.2080078125, -95.91213
7116.4145507813, -107.51312
7128.6210937500, -121.05553
7140.8276367188, -120.84807
7153.0341796875, -120.33702
7165.2407226563, -120.97656
7177.4472656250, -121.48201
7189.6538085938, -102.64247
7201.8603515625, -98.77796
7214.0668945313, -106.96006
7226.2734375000, -121.82187
7238.4799804688, -120.93994
7250.6865234375, -121.95774
7262.8930664063, -122.18843
7275.0996093750, -121.10069
7287.3061523438, -120.51846
7299.5126953125, -120.81616
7311.7192382813, -121.32182
7323.9257812500, -118.94080
7336.1323242188, -120.22908
7348.3388671875, -119.94518
7360.5454101563, -119.33702
7372.7519531250, -119.78059
7384.9584960938, -119.76980
7397.1650390625, -120.13775
7409.3715820313, -119.67182
7421.5781250000, -120.51935
7433.7846679688, -121.49104
7445.9912109375, -120.30148
7458.1977539063, -119.76073
7470.4042968750, -121.41666
7482.6108398438, -121.72732
7494.8173828125, -120.27081
7507.0239257813, -121.48186
7519.2304687500, -121.81955
7531.4370117188, -121.11433
7543.6435546875, -121.33106
7555.8500976563, -120.74699
7568.0566406250, -121.05460
7580.2631835938, -121.94101
7592.4697265625, -121.68422
7604.6762695313, -117.74950
7616.8828125000, -117.54609
7629.0893554688, -121.15410
7641.2958984375, -121.57991
7653.5024414063, -121.63959
7665.7089843750, -120.87067
7677.9155273438, -121.15465
7690.1220703125, -121.72494
7702.3286132813, -121.74030
7714.5351562500, -121.63162
7726.7416992188, -121.61035
7738.9482421875, -122.17963
7751.1547851563, -121.83885
7763.3613281250, -122.08628
7775.5678710938, -121.56568
7787.7744140625, -122.10890
7799.9809570313, -120.68848
7812.1875000000, -121.83751
7824.3940429688, -121.42176
7836.6005859375, -120.47446
7848.8071289063, -121.09760
7861.0136718750, -121.62817
7873.2202148438, -121.98149
7885.4267578125, -121.02649
7897.6333007813, -121.70473
7909.8398437500, -121.77427
7922.0463867188, -121.66290
7934.2529296875, -121.61109
7946.4594726563, -121.68471
7958.6660156250, -121.71189
7970.8725585938, -121.37426
7983.0791015625, -123.12296
7995.2856445313, -120.57958
8007.4921875000, -120.77349
8019.6987304688, -121.57126
8031.9052734375, -121.51843
8044.1118164063, -122.02887
8056.3183593750, -121.22219
8068.5249023438, -120.89826
8080.7314453125, -122.34107
8092.9379882813, -121.41764
8105.1445312500, -121.41050
8117.3510742188, -120.77663
8129.5576171875, -120.24762
8141.7641601563, -121.00761
8153.9707031250, -120.95049
8166.1772460938, -121.62414
8178.3837890625, -121.89827
8190.5903320313, -121.41477
8202.7968750000, -121.86732
8215.0034179688, -121.95589
8227.2099609375, -120.70088
8239.4165039063, -121.68066
8251.6230468750, -122.47080
8263.8295898438, -121.20156
8276.0361328125, -121.80731
8288.2426757813, -121.03279
8300.4492187500, -122.14672
8312.6557617188, -122.72266
8324.8623046875, -121.71126
8337.0688476563, -123.08830
8349.2753906250, -122.11511
8361.4819335938, -121.88626
8373.6884765625, -120.39569
8385.8950195313, -121.34479
8398.1015625000, -121.38679
8410.3081054688, -119.02546
8422.5146484375, -118.62426
8434.7211914063, -122.72734
8446.9277343750, -121.39966
8459.1342773438, -121.25169
8471.3408203125, -122.03004
8483.5473632813, -121.74747
8495.7539062500, -121.62718
8507.9604492188, -120.57436
8520.1669921875, -122.14512
8532.3735351563, -121.30672
8544.5800781250, -121.73788
8556.7866210938, -120.88126
8568.9931640625, -121.11595
8581.1997070313, -121.31291
8593.4062500000, -121.88784
8605.6127929688, -121.22598
8617.8193359375, -121.82481
8630.0258789063, -121.86409
8642.2324218750, -121.26529
8654.4389648438, -122.07402
8666.6455078125, -121.31164
8678.8520507813, -121.27713
8691.0585937500, -121.94509
8703.2651367188, -121.61604
8715.4716796875, -121.59684
8727.6782226563, -121.10228
8739.8847656250, -121.24412
8752.0913085938, -120.29877
8764.2978515625, -121.19290
8776.5043945313, -121.56803
8788.7109375000, -122.49642
8800.9174804688, -121.84205
8813.1240234375, -122.11100
8825.3305664063, -122.03531
8837.5371093750, -120.50149
8849.7436523438, -120.88488
8861.9501953125, -121.64017
8874.1567382813, -116.59861
8886.3632812500, -115.77883
8898.5698242188, -122.07168
8910.7763671875, -122.63430
8922.9829101563, -121.79480
8935.1894531250, -121.96965
8947.3959960938, -121.34636
8959.6025390625, -121.87648
8971.8090820313, -121.50616
8984.0156250000, -121.30932
8996.2221679688, -122.23301
9008.4287109375, -121.88653
9020.6352539063, -121.71402
9032.8417968750, -121.13883
9045.0483398438, -121.39400
9057.2548828125, -121.42819
9069.4614257813, -121.90021
9081.6679687500, -121.67092
9093.8745117188, -121.34220
9106.0810546875, -120.92891
9118.2875976563, -121.00377
9130.4941406250, -120.35431
9142.7006835938, -121.20524
9154.9072265625, -121.57792
9167.1137695313, -121.29037
9179.3203125000, -121.26354
9191.5268554688, -121.33884
9203.7333984375, -120.78098
9215.9399414063, -120.98681
9228.1464843750, -121.00002
9240.3530273438, -121.25216
9252.5595703125, -121.11913
9264.7661132813, -121.38088
9276.9726562500, -122.12295
9289.1791992188, -121.34784
9301.3857421875, -121.62035
9313.5922851563, -121.28052
9325.7988281250, -121.81604
9338.0053710938, -121.43564
9350.2119140625, -120.64695
9362.4184570313, -121.34367
9374.6250000000, -122.01357
9386.8315429688, -121.95580
9399.0380859375, -121.91280
9411.2446289063, -121.20307
9423.4511718750, -121.31446
9435.6577148438, -121.14392
9447.8642578125, -121.65196
9460.0708007813, -122.91882
9472.2773437500, -121.96622
9484.4838867188, -122.00046
9496.6904296875, -121.23197
9508.8969726563, -121.38380
9521.1035156250, -122.05349
9533.3100585938, -122.64206
9545.5166015625, -121.60657
9557.7231445313, -121.92577
9569.9296875000, -121.82030
9582.1362304688, -121.97219
9594.3427734375, -121.01530
9606.5493164063, -120.66536
9618.7558593750, -121.44137
9630.9624023438, -122.29728
9643.1689453125, -121.76263
9655.3754882813, -120.88595
9667.5820312500, -120.81703
9679.7885742188, -121.85050
9691.9951171875, -120.77755
9704.2016601563, -120.37315
9716.4082031250, -121.27852
9728.6147460938, -121.12717
9740.8212890625, -121.05720
9753.0278320313, -121.86011
9765.2343750000, -122.13402
9777.4409179688, -121.85134
9789.6474609375, -121.45016
9801.8540039063, -121.87496
9814.0605468750, -120.93896
9826.2670898438, -121.04176
9838.4736328125, -122.20906
9850.6801757813, -122.05357
9862.8867187500, -121.68008
9875.0932617188, -119.37416
9887.2998046875, -119.27250
9899.5063476563, -121.72184
9911.7128906250, -121.37094
9923.9194335938, -121.37262
9936.1259765625, -120.49295
9948.3325195313, -121.03578
9960.5390625000, -121.95174
9972.7456054688, -120.97591
9984.9521484375, -122.02148
9997.1586914063, -120.93018
10009.3652343750, -120.62394
10021.5717773438, -120.27935
10033.7783203125, -120.64267
10045.9848632813, -121.17719
10058.1914062500, -120.61400
10070.3979492188, -120.42379
10082.6044921875, -122.14989
10094.8110351563, -121.77546
10107.0175781250, -118.64415
10119.2241210938, -118.91558
10131.4306640625, -120.24885
10143.6372070313, -117.05673
10155.8437500000, -116.98425
10168.0502929688, -118.30937
10180.2568359375, -120.88519
10192.4633789063, -122.12853
10204.6699218750, -119.64368
10216.8764648438, -112.06620
10229.0830078125, -109.04712
10241.2895507813, -117.49874
10253.4960937500, -121.53986
10265.7026367188, -120.71746
10277.9091796875, -120.59046
10290.1157226563, -121.00602
10302.3222656250, -121.33313
10314.5288085938, -121.73842
10326.7353515625, -121.45442
10338.9418945313, -122.16258
10351.1484375000, -120.29015
10363.3549804688, -119.23961
10375.5615234375, -120.02486
10387.7680664063, -119.95645
10399.9746093750, -118.36188
10412.1811523438, -119.32643
10424.3876953125, -120.77295
10436.5942382813, -121.59481
10448.8007812500, -120.95391
10461.0073242188, -121.56294
10473.2138671875, -121.14107
10485.4204101563, -121.71440
10497.6269531250, -121.36557
10509.8334960938, -121.74799
10522.0400390625, -121.36655
10534.2465820313, -121.52452
10546.4531250000, -122.11962
10558.6596679688, -122.02407
10570.8662109375, -122.03111
10583.0727539063, -120.61796
10595.2792968750, -120.77662
10607.4858398438, -122.24064
10619.6923828125, -121.57785
10631.8989257813, -121.03253
10644.1054687500, -121.73029
10656.3120117188, -121.42532
10668.5185546875, -121.63499
10680.7250976563, -121.65119
10692.9316406250, -121.60850
10705.1381835938, -121.38883
10717.3447265625, -121.31134
10729.5512695313, -121.31720
10741.7578125000, -121.60850
10753.9643554688, -121.94927
10766.1708984375, -121.99754
10778.3774414063, -122.23033
10790.5839843750, -121.80113
10802.7905273438, -121.63931
10814.9970703125, -121.80199
10827.2036132813, -122.32764
10839.4101562500, -122.35723
10851.6166992188, -121.59595
10863.8232421875, -121.17972
10876.0297851563, -120.84508
10888.2363281250, -120.48865
10900.4428710938, -121.01034
10912.6494140625, -121.24533
10924.8559570313, -121.18033
10937.0625000000, -120.47921
10949.2690429688, -121.13308
10961.4755859375, -122.82822
10973.6821289063, -121.39167
10985.8886718750, -121.03182
10998.0952148438, -121.08392
11010.3017578125, -121.65584
11022.5083007813, -121.79689
11034.7148437500, -121.27371
11046.9213867188, -120.66503
11059.1279296875, -121.14182
11071.3344726563, -121.11649
11083.5410156250, -122.84969
11095.7475585938, -123.23144
11107.9541015625, -122.31000
11120.1606445313, -122.55899
11132.3671875000, -121.13310
11144.5737304688, -121.69707
11156.7802734375, -121.35522
11168.9868164063, -122.20147
11181.1933593750, -122.06970
11193.3999023438, -122.17489
11205.6064453125, -121.79837
11217.8129882813, -120.92509
11230.0195312500, -120.70187
11242.2260742188, -122.04425
11254.4326171875, -120.72593
11266.6391601563, -121.05353
11278.8457031250, -121.73651
11291.0522460938, -122.16407
11303.2587890625, -122.01035
11315.4653320313, -120.71965
11327.6718750000, -121.34725
11339.8784179688, -122.03339
11352.0849609375, -121.40957
11364.2915039063, -122.09671
11376.4980468750, -120.96847
11388.7045898438, -120.49580
11400.9111328125, -121.37318
11413.1176757813, -117.08270
11425.3242187500, -117.84771
11437.5307617188, -121.72209
11449.7373046875, -122.33956
11461.9438476563, -120.72172
11474.1503906250, -122.47744
11486.3569335938, -122.23120
11498.5634765625, -122.36783
11510.7700195313, -121.95637
11522.9765625000, -122.45809
11535.1831054688, -121.74784
11547.3896484375, -122.31939
11559.5961914063, -122.40488
11571.8027343750, -122.26554
11584.0092773438, -121.60337
11596.2158203125, -121.84078
11608.4223632813, -121.99855
11620.6289062500, -122.40054
11632.8354492188, -120.79810
11645.0419921875, -121.89439
11657.2485351563, -122.56031
11669.4550781250, -121.33404
11681.6616210938, -122.17516
11693.8681640625, -121.19665
11706.0747070313, -120.99793
11718.2812500000, -120.70509
11730.4877929688, -121.11709
11742.6943359375, -120.65200
11754.9008789063, -121.71454
11767.1074218750, -121.58748
11779.3139648438, -121.06536
11791.5205078125, -121.37993
11803.7270507813, -120.72680
11815.9335937500, -120.82649
11828.1401367188, -121.58555
11840.3466796875, -122.06940
11852.5532226563, -121.78541
11864.7597656250, -121.74302
11876.9663085938, -121.30486
11889.1728515625, -120.90053
11901.3793945313, -121.75522
11913.5859375000, -121.18505
11925.7924804688, -121.69429
11937.9990234375, -122.35470
11950.2055664063, -122.21770
11962.4121093750, -120.66364
11974.6186523438, -122.59881
11986.8251953125, -122.20213
11999.0317382813, -122.52299
12011.2382812500, -121.31351
12023.4448242188, -121.95405
12035.6513671875, -122.95117
12047.8579101563, -123.20150
12060.0644531250, -121.99432
12072.2709960938, -121.63403
12084.4775390625, -121.03687
12096.6840820313, -121.88194
12108.8906250000, -121.15113
12121.0971679688, -121.72799
12133.3037109375, -122.53996
12145.5102539063, -121.94887
12157.7167968750, -122.52909
12169.9233398438, -121.76757
12182.1298828125, -119.47151
12194.3364257813, -120.65445
12206.5429687500, -121.82514
12218.7495117188, -121.84551
12230.9560546875, -121.79286
12243.1625976563, -121.25489
12255.3691406250, -121.57297
12267.5756835938, -122.10176
12279.7822265625, -123.39324
12291.9887695313, -120.98306
12304.1953125000, -120.64467
12316.4018554688, -121.20329
12328.6083984375, -121.73663
12340.8149414063, -122.02603
12353.0214843750, -121.40236
12365.2280273438, -121.21560
12377.4345703125, -122.03608
12389.6411132813, -121.29507
12401.8476562500, -121.11226
12414.0541992188, -122.60342
12426.2607421875, -121.88677
12438.4672851563, -122.08216
12450.6738281250, -120.49121
12462.8803710938, -121.06605
12475.0869140625, -122.19437
12487.2934570313, -121.83980
12499.5000000000, -121.75304
12511.7065429688, -121.45316
12523.9130859375, -122.49927
12536.1196289063, -122.42496
12548.3261718750, -122.64802
12560.5327148438, -122.49924
12572.7392578125, -121.98700
12584.9458007813, -122.03377
12597.1523437500, -123.08764
12609.3588867188, -121.86332
12621.5654296875, -122.57904
12633.7719726563, -121.99717
12645.9785156250, -121.16570
12658.1850585938, -121.87242
12670.3916015625, -121.19314
12682.5981445313, -117.53761
12694.8046875000, -118.47520
12707.0112304688, -121.65047
12719.2177734375, -122.33415
12731.4243164063, -122.01646
12743.6308593750, -121.99310
12755.8374023438, -121.23543
12768.0439453125, -121.16792
12780.2504882813, -121.48150
12792.4570312500, -121.28935
12804.6635742188, -121.56043
12816.8701171875, -121.39458
12829.0766601563, -122.11552
12841.2832031250, -123.20059
12853.4897460938, -121.33376
12865.6962890625, -121.60981
12877.9028320313, -122.49194
12890.1093750000, -122.24666
12902.3159179688, -122.54191
12914.5224609375, -121.95549
12926.7290039063, -121.27699
12938.9355468750, -122.37765
12951.1420898438, -122.31789
12963.3486328125, -122.20356
12975.5551757813, -121.69845
12987.7617187500, -122.46947
12999.9682617188, -122.26916
13012.1748046875, -122.00956
13024.3813476563, -121.12405
13036.5878906250, -121.03414
13048.7944335938, -122.15827
13061.0009765625, -121.64440
13073.2075195313, -120.00622
13085.4140625000, -118.74203
13097.6206054688, -120.07342
13109.8271484375, -121.14375
13122.0336914063, -121.98257
13134.2402343750, -121.87545
13146.4467773438, -122.76675
13158.6533203125, -122.39307
13170.8598632813, -122.45444
13183.0664062500, -123.01091
13195.2729492188, -122.61317
13207.4794921875, -122.47162
13219.6860351563, -122.75955
13231.8925781250, -122.41981
13244.0991210938, -121.44328
13256.3056640625, -122.23738
13268.5122070313, -122.36052
13280.7187500000, -122.24028
13292.9252929688, -121.77454
13305.1318359375, -121.85521
13317.3383789063, -121.38528
13329.5449218750, -122.64831
13341.7514648438, -121.29622
13353.9580078125, -121.72593
13366.1645507813, -121.41387
13378.3710937500, -121.67432
13390.5776367188, -121.45716
13402.7841796875, -121.21851
13414.9907226563, -121.75380
13427.1972656250, -121.28816
13439.4038085938, -122.18710
13451.6103515625, -121.82288
13463.8168945313, -121.58575
13476.0234375000, -121.06322
13488.2299804688, -122.80318
13500.4365234375, -122.43303
13512.6430664063, -122.27976
13524.8496093750, -121.94804
13537.0561523438, -122.30103
13549.2626953125, -121.90113
13561.4692382813, -122.32997
13573.6757812500, -121.87884
13585.8823242188, -121.50157
13598.0888671875, -121.49658
13610.2954101563, -122.48107
13622.5019531250, -122.04519
13634.7084960938, -121.33130
13646.9150390625, -121.34800
13659.1215820313, -122.37244
13671.3281250000, -121.59291
13683.5346679688, -122.58530
13695.7412109375, -122.31565
13707.9477539063, -120.55390
13720.1542968750, -120.66633
13732.3608398438, -121.88086
13744.5673828125, -121.33871
13756.7739257813, -121.56108
13768.9804687500, -121.17336
13781.1870117188, -121.16517
13793.3935546875, -122.21677
13805.6000976563, -122.90539
13817.8066406250, -122.65312
13830.0131835938, -122.11462
13842.2197265625, -120.80676
13854.4262695313, -121.41453
13866.6328125000, -121.03523
13878.8393554688, -119.81554
13891.0458984375, -122.34462
13903.2524414063, -121.50778
13915.4589843750, -121.22639
13927.6655273438, -121.43809
13939.8720703125, -121.59362
13952.0786132813, -118.92081
13964.2851562500, -119.09148
13976.4916992188, -120.72172
13988.6982421875, -117.55188
14000.9047851563, -116.80589
14013.1113281250, -117.70606
14025.3178710938, -117.42994
14037.5244140625, -115.92464
14049.7309570313, -116.36577
14061.9375000000, -116.06521
14074.1440429688, -117.48537
14086.3505859375, -120.14376
14098.5571289063, -120.16721
14110.7636718750, -120.82424
14122.9702148438, -121.09569
14135.1767578125, -120.63032
14147.3833007813, -120.83066
14159.5898437500, -120.40157
14171.7963867188, -120.40055
14184.0029296875, -119.95209
14196.2094726563, -117.20099
14208.4160156250, -118.84936
14220.6225585938, -120.59040
14232.8291015625, -117.97809
14245.0356445313, -114.91180
14257.2421875000, -107.73308
14269.4487304688, -98.03427
14281.6552734375, -80.48714
14293.8618164063, -67.38992
14306.0683593750, -67.90205
14318.2749023438, -82.82890
14330.4814453125, -99.17436
14342.6879882813, -108.51855
14354.8945312500, -114.87793
14367.1010742188, -120.58859
14379.3076171875, -119.77446
14391.5141601563, -120.66355
14403.7207031250, -120.90790
14415.9272460938, -120.25568
14428.1337890625, -120.68672
14440.3403320313, -119.43527
14452.5468750000, -120.70357
14464.7534179688, -121.08280
14476.9599609375, -121.92266
14489.1665039063, -119.94765
14501.3730468750, -119.62507
14513.5795898438, -119.30804
14525.7861328125, -115.80656
14537.9926757813, -116.57050
14550.1992187500, -116.53121
14562.4057617188, -115.27072
14574.6123046875, -117.05314
14586.8188476563, -118.26091
14599.0253906250, -116.75857
14611.2319335938, -118.37005
14623.4384765625, -121.73587
14635.6450195313, -121.07657
14647.8515625000, -120.77533
14660.0581054688, -121.05124
14672.2646484375, -121.79605
14684.4711914063, -121.83176
14696.6777343750, -122.12677
14708.8842773438, -121.15985
14721.0908203125, -119.90630
14733.2973632813, -121.09970
14745.5039062500, -122.02589
14757.7104492188, -121.00615
14769.9169921875, -121.38807
14782.1235351563, -121.34488
14794.3300781250, -122.12308
14806.5366210938, -121.57020
14818.7431640625, -121.47784
14830.9497070313, -121.08104
14843.1562500000, -122.11175
14855.3627929688, -120.61967
14867.5693359375, -121.51228
14879.7758789063, -122.80115
14891.9824218750, -121.43972
14904.1889648438, -122.20689
14916.3955078125, -122.93243
14928.6020507813, -122.66981
14940.8085937500, -121.93240
14953.0151367188, -122.40747
14965.2216796875, -121.89464
14977.4282226563, -121.98337
14989.6347656250, -121.79260
15001.8413085938, -122.34053
15014.0478515625, -122.67166
15026.2543945313, -121.62164
15038.4609375000, -122.39697
15050.6674804688, -122.12794
15062.8740234375, -122.70659
15075.0805664063, -121.93370
15087.2871093750, -122.07355
15099.4936523438, -121.70067
15111.7001953125, -122.39288
15123.9067382813, -121.90154
15136.1132812500, -122.00502
15148.3198242188, -122.17280
15160.5263671875, -122.35461
15172.7329101563, -122.96215
15184.9394531250, -121.80271
15197.1459960938, -121.75318
15209.3525390625, -121.79281
15221.5590820313, -119.21339
15233.7656250000, -119.85506
15245.9721679688, -121.30394
15258.1787109375, -122.91606
15270.3852539063, -122.42526
15282.5917968750, -122.63585
15294.7983398438, -123.21828
15307.0048828125, -122.94406
15319.2114257813, -122.15893
15331.4179687500, -121.07433
15343.6245117188, -122.06749
15355.8310546875, -122.65397
15368.0375976563, -123.13647
15380.2441406250, -121.62278
15392.4506835938, -121.33684
15404.6572265625, -121.04258
15416.8637695313, -121.19169
15429.0703125000, -121.07828
15441.2768554688, -122.36958
15453.4833984375, -122.01856
15465.6899414063, -121.24178
15477.8964843750, -121.75643
15490.1030273438, -121.61862
15502.3095703125, -121.15031
15514.5161132813, -121.32716
15526.7226562500, -122.34453
15538.9291992188, -121.92303
15551.1357421875, -121.40648
15563.3422851563, -122.44383
15575.5488281250, -122.26538
15587.7553710938, -121.91032
15599.9619140625, -121.75138
15612.1684570313, -122.53608
15624.3750000000, -122.33058
15636.5815429688, -122.67521
15648.7880859375, -122.10914
15660.9946289063, -121.67330
15673.2011718750, -121.85119
15685.4077148438, -122.19861
15697.6142578125, -121.52357
15709.8208007813, -122.75015
15722.0273437500, -122.34552
15734.2338867188, -121.77741
15746.4404296875, -121.30015
15758.6469726563, -121.59075
15770.8535156250, -121.97559
15783.0600585938, -122.03045
15795.2666015625, -122.17374
15807.4731445313, -122.92832
15819.6796875000, -121.70543
15831.8862304688, -121.27005
15844.0927734375, -121.36441
15856.2993164063, -120.09134
15868.5058593750, -120.72226
15880.7124023438, -122.08991
15892.9189453125, -122.75297
15905.1254882813, -122.50220
15917.3320312500, -121.06629
15929.5385742188, -121.47464
15941.7451171875, -122.24247
15953.9516601563, -122.56769
15966.1582031250, -122.03891
15978.3647460938, -122.35765
15990.5712890625, -121.89970
16002.7778320313, -122.21588
16014.9843750000, -121.65317
16027.1909179688, -121.73880
16039.3974609375, -122.47102
16051.6040039063, -122.80472
16063.8105468750, -122.79657
16076.0170898438, -122.46633
16088.2236328125, -122.80733
16100.4301757813, -123.00844
16112.6367187500, -122.37469
16124.8432617188, -122.47010
16137.0498046875, -122.05664
16149.2563476563, -121.73916
16161.4628906250, -121.72743
16173.6694335938, -121.49262
16185.8759765625, -121.94201
16198.0825195313, -122.55479
16210.2890625000, -122.38423
16222.4956054688, -122.59819
16234.7021484375, -122.59433
16246.9086914063, -122.10217
16259.1152343750, -121.32333
16271.3217773438, -122.04078
16283.5283203125, -122.29261
16295.7348632813, -122.14740
16307.9414062500, -122.31355
16320.1479492188, -122.60744
16332.3544921875, -121.82101
16344.5610351563, -121.98399
16356.7675781250, -121.66842
16368.9741210938, -123.59633
16381.1806640625, -122.85892
16393.3872070313, -121.86639
16405.5937500000, -122.09319
16417.8002929688, -119.48193
16430.0068359375, -121.48297
16442.2133789063, -122.06658
16454.4199218750, -120.92249
16466.6264648438, -120.89177
16478.8330078125, -121.25090
16491.0395507813, -120.78843
16503.2460937500, -121.79559
16515.4526367188, -122.57865
16527.6591796875, -121.55711
16539.8657226563, -121.98331
16552.0722656250, -123.42529
16564.2788085938, -121.88672
16576.4853515625, -122.84859
16588.6918945313, -122.28800
16600.8984375000, -121.24089
16613.1049804688, -121.68352
16625.3115234375, -122.57314
16637.5180664063, -122.16586
16649.7246093750, -122.07677
16661.9311523438, -121.99971
16674.1376953125, -121.91101
16686.3442382813, -121.96148
16698.5507812500, -122.53878
16710.7573242188, -121.48319
16722.9638671875, -121.39450
16735.1704101563, -121.52547
16747.3769531250, -122.28858
16759.5834960938, -122.85167
16771.7900390625, -122.68547
16783.9965820313, -122.33059
16796.2031250000, -120.85211
16808.4096679688, -120.79351
16820.6162109375, -121.66090
16832.8227539063, -121.09818
16845.0292968750, -121.23327
16857.2358398438, -122.07656
16869.4423828125, -122.81779
16881.6489257813, -121.59453
16893.8554687500, -121.16002
16906.0620117188, -121.67012
16918.2685546875, -123.71343
16930.4750976563, -122.11524
16942.6816406250, -122.23686
16954.8881835938, -121.91510
16967.0947265625, -122.56620
16979.3012695313, -121.86882
16991.5078125000, -120.78183
17003.7143554688, -121.26953
17015.9208984375, -121.93998
17028.1274414063, -121.48173
17040.3339843750, -122.23397
17052.5405273438, -122.89472
17064.7470703125, -123.00644
17076.9536132813, -121.59894
17089.1601562500, -121.07471
17101.3666992188, -121.39977
17113.5732421875, -121.84915
17125.7797851563, -122.42242
17137.9863281250, -121.71175
17150.1928710938, -122.39072
17162.3994140625, -122.08283
17174.6059570313, -121.85937
17186.8125000000, -122.70999
17199.0190429688, -121.91512
17211.2255859375, -120.41689
17223.4321289063, -121.86889
17235.6386718750, -121.10364
17247.8452148438, -119.88217
17260.0517578125, -121.51295
17272.2583007813, -121.92959
17284.4648437500, -122.16318
17296.6713867188, -120.81712
17308.8779296875, -121.41643
17321.0844726563, -121.78583
17333.2910156250, -123.18467
17345.4975585938, -122.36111
17357.7041015625, -122.01558
17369.9106445313, -121.95472
17382.1171875000, -121.94004
17394.3237304688, -121.04444
17406.5302734375, -122.36939
17418.7368164063, -121.41013
17430.9433593750, -120.94831
17443.1499023438, -122.17511
17455.3564453125, -122.29957
17467.5629882813, -122.97294
17479.7695312500, -121.50001
17491.9760742188, -121.10363
17504.1826171875, -121.77281
17516.3891601563, -121.60793
17528.5957031250, -122.69816
17540.8022460938, -122.33589
17553.0087890625, -122.30934
17565.2153320313, -122.06845
17577.4218750000, -121.89167
17589.6284179688, -121.71188
17601.8349609375, -121.98418
17614.0415039063, -121.75625
17626.2480468750, -122.89823
17638.4545898438, -121.83017
17650.6611328125, -121.99807
17662.8676757813, -122.19219
17675.0742187500, -121.67803
17687.2807617188, -121.35244
17699.4873046875, -121.17691
17711.6938476563, -122.55707
17723.9003906250, -122.07872
17736.1069335938, -121.55134
17748.3134765625, -120.67664
17760.5200195313, -121.21990
17772.7265625000, -120.75611
17784.9331054688, -121.77063
17797.1396484375, -121.43126
17809.3461914063, -122.57008
17821.5527343750, -122.21532
17833.7592773438, -122.13281
17845.9658203125, -122.18377
17858.1723632813, -121.89679
17870.3789062500, -120.95385
17882.5854492188, -121.52864
17894.7919921875, -122.11407
17906.9985351563, -123.04984
17919.2050781250, -121.89062
17931.4116210938, -121.85972
17943.6181640625, -122.64197
17955.8247070313, -123.29432
17968.0312500000, -121.73487
17980.2377929688, -121.79881
17992.4443359375, -121.82455
18004.6508789063, -121.83083
18016.8574218750, -122.38867
18029.0639648438, -121.93850
18041.2705078125, -122.03479
18053.4770507813, -122.00276
18065.6835937500, -121.49014
18077.8901367188, -121.73983
18090.0966796875, -121.11205
18102.3032226563, -121.08306
18114.5097656250, -121.76599
18126.7163085938, -121.62654
18138.9228515625, -121.36757
18151.1293945313, -121.74643
18163.3359375000, -121.13441
18175.5424804688, -119.94736
18187.7490234375, -118.44509
18199.9555664063, -120.43392
18212.1621093750, -122.09559
18224.3686523438, -121.75515
18236.5751953125, -122.25532
18248.7817382813, -122.58079
18260.9882812500, -121.70667
18273.1948242188, -120.90357
18285.4013671875, -122.49225
18297.6079101563, -122.39754
18309.8144531250, -121.28179
18322.0209960938, -121.94045
18334.2275390625, -121.87627
18346.4340820313, -121.58170
18358.6406250000, -119.14407
18370.8471679688, -112.96800
18383.0537109375, -116.76195
18395.2602539063, -121.77019
18407.4667968750, -122.67610
18419.6733398438, -122.69102
18431.8798828125, -121.77592
18444.0864257813, -121.95789
18456.2929687500, -122.38937
18468.4995117188, -122.44538
18480.7060546875, -120.62044
18492.9125976563, -121.15665
18505.1191406250, -123.39634
18517.3256835938, -122.62119
18529.5322265625, -122.71881
18541.7387695313, -122.18798
18553.9453125000, -121.64510
18566.1518554688, -121.63804
18578.3583984375, -121.77184
18590.5649414063, -121.69139
18602.7714843750, -121.04810
18614.9780273438, -121.26810
18627.1845703125, -122.04901
18639.3911132813, -121.82197
18651.5976562500, -121.62143
18663.8041992188, -120.97423
18676.0107421875, -121.32666
18688.2172851563, -120.93645
18700.4238281250, -121.57257
18712.6303710938, -120.59732
18724.8369140625, -120.10763
18737.0434570313, -122.19265
18749.2500000000, -120.90829
18761.4565429688, -121.74996
18773.6630859375, -121.48819
18785.8696289063, -122.51835
18798.0761718750, -121.51327
18810.2827148438, -122.44909
18822.4892578125, -122.21846
18834.6958007813, -121.89448
18846.9023437500, -121.62418
18859.1088867188, -120.75785
18871.3154296875, -120.86196
18883.5219726563, -121.58450
18895.7285156250, -121.26144
18907.9350585938, -120.17802
18920.1416015625, -121.56622
18932.3481445313, -122.84409
18944.5546875000, -122.24245
18956.7612304688, -121.87273
18968.9677734375, -122.05882
18981.1743164063, -121.26862
18993.3808593750, -121.34461
19005.5874023438, -121.82999
19017.7939453125, -121.91393
19030.0004882813, -120.70642
19042.2070312500, -121.02689
19054.4135742188, -121.31356
19066.6201171875, -121.24587
19078.8266601563, -121.90124
19091.0332031250, -123.39671
19103.2397460938, -121.81209
19115.4462890625, -122.29101
19127.6528320313, -122.48080
19139.8593750000, -122.49212
19152.0659179688, -121.67218
19164.2724609375, -121.55804
19176.4790039063, -121.51723
19188.6855468750, -121.12116
19200.8920898438, -120.12465
19213.0986328125, -121.42152
19225.3051757813, -121.75255
19237.5117187500, -122.40900
19249.7182617188, -122.13313
19261.9248046875, -122.60684
19274.1313476563, -121.35931
19286.3378906250, -120.76087
19298.5444335938, -120.13087
19310.7509765625, -122.21560
19322.9575195313, -121.61887
19335.1640625000, -122.39312
19347.3706054688, -121.64529
19359.5771484375, -122.12151
19371.7836914063, -121.42396
19383.9902343750, -121.83115
19396.1967773438, -121.73115
19408.4033203125, -121.82713
19420.6098632813, -121.63403
19432.8164062500, -122.79507
19445.0229492188, -122.56708
19457.2294921875, -122.22981
19469.4360351563, -122.47893
19481.6425781250, -122.54833
19493.8491210938, -122.44370
19506.0556640625, -121.52010
19518.2622070313, -121.41682
19530.4687500000, -122.17284
19542.6752929688, -122.06220
19554.8818359375, -123.00322
19567.0883789063, -122.41467
19579.2949218750, -122.97539
19591.5014648438, -123.22818
19603.7080078125, -122.53070
19615.9145507813, -122.32986
19628.1210937500, -122.31334
19640.3276367188, -122.48198
19652.5341796875, -122.45506
19664.7407226563, -122.47029
19676.9472656250, -122.57580
19689.1538085938, -122.50144
19701.3603515625, -121.52412
19713.5668945313, -122.22682
19725.7734375000, -122.31770
19737.9799804688, -122.07799
19750.1865234375, -121.16706
19762.3930664063, -121.83161
19774.5996093750, -122.00295
19786.8061523438, -121.65332
19799.0126953125, -122.79041
19811.2192382813, -121.58764
19823.4257812500, -122.19042
19835.6323242188, -121.42381
19847.8388671875, -121.57727
19860.0454101563, -121.63569
19872.2519531250, -122.48337
19884.4584960938, -122.55235
19896.6650390625, -122.69959
19908.8715820313, -121.78100
19921.0781250000, -121.84160
19933.2846679688, -121.70552
19945.4912109375, -121.29576
19957.6977539063, -122.06560
19969.9042968750, -121.95630
19982.1108398438, -122.27404
19994.3173828125, -121.73981
20006.5239257813, -121.74416
20018.7304687500, -122.56506
20030.9370117188, -122.87567
20043.1435546875, -123.64368
20055.3500976563, -122.47650
20067.5566406250, -122.40930
20079.7631835938, -122.11312
20091.9697265625, -121.03679
20104.1762695313, -122.00496
20116.3828125000, -123.00086
20128.5893554688, -122.86699
20140.7958984375, -122.58536
20153.0024414063, -121.51212
20165.2089843750, -121.04061
20177.4155273438, -119.15093
20189.6220703125, -120.18093
20201.8286132813, -121.66315
20214.0351562500, -121.97644
20226.2416992188, -122.55621
20238.4482421875, -122.65760
20250.6547851563, -122.22911
20262.8613281250, -121.96676
20275.0678710938, -122.21788
20287.2744140625, -122.09245
20299.4809570313, -121.03338
20311.6875000000, -123.02687
20323.8940429688, -121.88408
20336.1005859375, -120.96806
20348.3071289063, -121.52435
20360.5136718750, -121.48122
20372.7202148438, -122.03984
20384.9267578125, -122.25217
20397.1333007813, -120.82424
20409.3398437500, -120.72620
20421.5463867188, -122.46087
20433.7529296875, -122.26429
20445.9594726563, -121.65768
20458.1660156250, -121.97042
20470.3725585938, -121.91085
20482.5791015625, -122.53070
20494.7856445313, -122.69785
20506.9921875000, -121.34256
20519.1987304688, -122.30559
20531.4052734375, -122.04370
20543.6118164063, -121.70662
20555.8183593750, -121.85244
20568.0249023438, -121.76859
20580.2314453125, -121.98783
20592.4379882813, -122.16004
20604.6445312500, -122.47755
20616.8510742188, -122.34046
20629.0576171875, -122.11275
20641.2641601563, -121.63630
20653.4707031250, -122.67404
20665.6772460938, -122.10993
20677.8837890625, -122.80182
20690.0903320313, -121.76651
20702.2968750000, -122.14674
20714.5034179688, -120.89328
20726.7099609375, -121.97260
20738.9165039063, -122.52104
20751.1230468750, -122.35375
20763.3295898438, -121.59434
20775.5361328125, -121.73754
20787.7426757813, -120.50226
20799.9492187500, -119.29894
20812.1557617188, -119.44543
20824.3623046875, -121.43012
20836.5688476563, -121.25971
20848.7753906250, -121.41146
20860.9819335938, -121.81310
20873.1884765625, -122.21038
20885.3950195313, -122.03538
20897.6015625000, -121.88917
20909.8081054688, -120.72516
20922.0146484375, -121.25934
20934.2211914063, -122.94058
20946.4277343750, -122.66275
20958.6342773438, -122.46421
20970.8408203125, -117.33519
20983.0473632813, -117.61895
20995.2539062500, -119.66424
21007.4604492188, -119.30851
21019.6669921875, -119.37972
21031.8735351563, -119.57539
21044.0800781250, -120.53010
21056.2866210938, -120.54260
21068.4931640625, -120.09560
21080.6997070313, -115.91118
21092.9062500000, -110.97518
21105.1127929688, -112.89565
21117.3193359375, -113.61482
21129.5258789063, -112.27386
21141.7324218750, -110.05385
21153.9389648438, -112.34972
21166.1455078125, -111.41461
21178.3520507813, -114.01949
21190.5585937500, -119.00882
21202.7651367188, -119.06484
21214.9716796875, -118.83790
21227.1782226563, -121.00513
21239.3847656250, -122.31396
21251.5913085938, -122.78426
21263.7978515625, -120.66520
21276.0043945313, -120.49452
21288.2109375000, -120.73142
21300.4174804688, -120.16301
21312.6240234375, -121.10105
21324.8305664063, -121.75200
21337.0371093750, -120.42145
21349.2436523438, -120.54121
21361.4501953125, -120.90777
21373.6567382813, -115.03167
21385.8632812500, -84.43601
21398.0698242188, -77.23263
21410.2763671875, -82.12581
21422.4829101563, -112.32371
21434.6894531250, -120.18216
21446.8959960938, -120.41295
21459.1025390625, -120.43859
21471.3090820313, -120.40981
21483.5156250000, -118.86922
21495.7221679688, -114.76554
21507.9287109375, -116.83832
21520.1352539063, -121.14317
21532.3417968750, -120.70078
21544.5483398438, -120.55357
21556.7548828125, -121.93006
21568.9614257813, -121.02349
21581.1679687500, -120.17596
21593.3745117188, -118.29617
21605.5810546875, -119.46121
21617.7875976563, -115.17696
21629.9941406250, -111.51341
21642.2006835938, -112.84232
21654.4072265625, -110.04881
21666.6137695313, -110.87911
21678.8203125000, -112.71236
21691.0268554688, -114.09750
21703.2333984375, -111.23563
21715.4399414063, -114.62648
21727.6464843750, -120.06352
21739.8530273438, -121.36173
21752.0595703125, -120.55850
21764.2661132813, -121.00611
21776.4726562500, -120.59106
21788.6791992188, -119.75086
21800.8857421875, -119.19821
21813.0922851563, -117.48318
21825.2988281250, -116.59284
21837.5053710938, -120.41393
21849.7119140625, -121.11582
21861.9184570313, -121.80046
21874.1250000000, -121.51548
21886.3315429688, -120.72540
21898.5380859375, -120.85221
21910.7446289063, -120.72671
21922.9511718750, -121.65923
21935.1577148438, -121.30896
21947.3642578125, -121.76617
21959.5708007813, -121.12152
21971.7773437500, -122.13465
21983.9838867188, -119.70380
21996.1904296875, -119.20551
22008.3969726563, -120.85468
22020.6035156250, -120.52690
22032.8100585938, -121.13648
22045.0166015625, -121.35931
22057.2231445313, -122.21890
22069.4296875000, -121.83110
22081.6362304688, -121.64545
22093.8427734375, -121.11352
22106.0493164063, -120.63096
22118.2558593750, -121.94783
22130.4624023438, -122.19123
22142.6689453125, -121.48417
22154.8754882813, -123.03749
22167.0820312500, -123.04028
22179.2885742188, -122.50453
22191.4951171875, -121.70662
22203.7016601563, -121.17366
22215.9082031250, -120.83799
22228.1147460938, -121.96159
22240.3212890625, -122.29828
22252.5278320313, -121.63919
22264.7343750000, -121.25081
22276.9409179688, -122.50684
22289.1474609375, -122.47546
22301.3540039063, -121.53377
22313.5605468750, -122.18385
22325.7670898438, -122.35798
22337.9736328125, -122.83025
22350.1801757813, -123.66493
22362.3867187500, -123.98345
22374.5932617188, -123.52434
22386.7998046875, -122.82553
22399.0063476563, -121.59293
22411.2128906250, -121.01840
22423.4194335938, -121.25379
22435.6259765625, -120.71092
22447.8325195313, -120.78745
22460.0390625000, -121.87909
22472.2456054688, -122.87530
22484.4521484375, -121.80067
22496.6586914063, -122.34102
22508.8652343750, -122.70274
22521.0717773438, -122.24680
22533.2783203125, -123.26591
22545.4848632813, -121.99301
22557.6914062500, -121.65895
22569.8979492188, -122.75618
22582.1044921875, -121.82953
22594.3110351563, -122.08961
22606.5175781250, -122.06767
22618.7241210938, -122.81382
22630.9306640625, -121.74699
22643.1372070313, -122.45451
22655.3437500000, -121.47149
22667.5502929688, -121.49139
22679.7568359375, -123.13897
22691.9633789063, -123.14276
22704.1699218750, -121.55105
22716.3764648438, -120.93861
22728.5830078125, -122.01077
22740.7895507813, -121.47148
22752.9960937500, -122.23288
22765.2026367188, -121.88178
22777.4091796875, -122.49295
22789.6157226563, -123.40372
22801.8222656250, -122.57606
22814.0288085938, -121.74480
22826.2353515625, -122.10792
22838.4418945313, -121.51084
22850.6484375000, -121.36908
22862.8549804688, -121.17135
22875.0615234375, -122.17542
22887.2680664063, -122.97264
22899.4746093750, -123.47840
22911.6811523438, -122.70122
22923.8876953125, -122.10400
22936.0942382813, -121.95519
22948.3007812500, -122.35567
22960.5073242188, -122.33436
22972.7138671875, -122.11342
22984.9204101563, -121.53231
22997.1269531250, -122.32293
23009.3334960938, -122.47608
23021.5400390625, -123.21075
23033.7465820313, -122.05401
23045.9531250000, -122.14599
23058.1596679688, -122.59969
23070.3662109375, -122.68693
23082.5727539063, -122.75298
23094.7792968750, -120.89285
23106.9858398438, -120.88216
23119.1923828125, -121.25304
23131.3989257813, -120.62877
23143.6054687500, -122.41893
23155.8120117188, -123.55696
23168.0185546875, -123.83130
23180.2250976563, -122.57093
23192.4316406250, -122.04856
23204.6381835938, -121.48109
23216.8447265625, -121.86555
23229.0512695313, -121.47452
23241.2578125000, -121.12537
23253.4643554688, -121.44839
23265.6708984375, -122.43823
23277.8774414063, -122.32252
23290.0839843750, -122.81478
23302.2905273438, -122.30257
23314.4970703125, -122.07846
23326.7036132813, -121.49458
23338.9101562500, -122.58390
23351.1166992188, -122.29332
23363.3232421875, -122.08961
23375.5297851563, -122.69816
23387.7363281250, -122.06445
23399.9428710938, -122.05388
23412.1494140625, -122.39725
23424.3559570313, -121.85206
23436.5625000000, -122.06298
23448.7690429688, -121.70741
23460.9755859375, -121.97481
23473.1821289063, -121.74974
23485.3886718750, -120.86148
23497.5952148438, -121.82760
23509.8017578125, -123.72450
23522.0083007813, -122.72009
23534.2148437500, -122.12266
23546.4213867188, -122.46472
23558.6279296875, -122.69347
23570.8344726563, -122.56724
23583.0410156250, -122.61973
23595.2475585938, -122.05974
23607.4541015625, -122.05657
23619.6606445313, -122.36137
23631.8671875000, -122.44777
23644.0737304688, -122.26185
23656.2802734375, -122.08312
23668.4868164063, -123.05951
23680.6933593750, -122.10195
23692.8999023438, -121.75111
23705.1064453125, -122.42955
23717.3129882813, -121.22533
23729.5195312500, -121.58600
23741.7260742188, -122.02818
23753.9326171875, -122.53369
23766.1391601563, -121.55669
23778.3457031250, -121.33261
23790.5522460938, -121.85524
23802.7587890625, -122.45430
23814.9653320313, -122.15117
23827.1718750000, -122.46187
23839.3784179688, -123.03285
23851.5849609375, -122.46868
23863.7915039063, -122.51487
23875.9980468750, -122.79147
23888.2045898438, -122.33634
23900.4111328125, -122.45548
23912.6176757813, -122.72653
23924.8242187500, -123.06367
23937.0307617188, -123.08465
23949.2373046875, -122.29468
23961.4438476563, -121.52428
23973.6503906250, -121.48372
23985.8569335938, -120.64063
23998.0634765625, -121.88861
24010.2700195313, -121.86891
24022.4765625000, -121.38915
24034.6831054688, -121.59619
24046.8896484375, -121.84027
24059.0961914063, -122.10178
24071.3027343750, -121.63844
24083.5092773438, -122.05429
24095.7158203125, -122.59475
24107.9223632813, -122.77142
24120.1289062500, -122.91373
24132.3354492188, -122.56479
24144.5419921875, -123.02364
24156.7485351563, -122.39211
24168.9550781250, -122.20438
24181.1616210938, -121.73318
24193.3681640625, -121.48756
24205.5747070313, -121.95978
24217.7812500000, -122.31566
24229.9877929688, -121.54886
24242.1943359375, -121.28679
24254.4008789063, -122.20894
24266.6074218750, -121.42324
24278.8139648438, -121.43446
24291.0205078125, -120.05698
24303.2270507813, -120.39306
24315.4335937500, -121.56015
24327.6401367188, -122.44105
24339.8466796875, -122.38408
24352.0532226563, -121.64925
24364.2597656250, -122.17138
24376.4663085938, -121.36570
24388.6728515625, -121.77685
24400.8793945313, -121.88389
24413.0859375000, -121.12508
24425.2924804688, -119.81865
24437.4990234375, -120.43718
24449.7055664063, -121.70677
24461.9121093750, -122.23864
24474.1186523438, -122.63607
24486.3251953125, -121.84281
24498.5317382813, -121.94904
24510.7382812500, -120.10712
24522.9448242188, -116.20306
24535.1513671875, -118.52303
24547.3579101563, -121.16100
24559.5644531250, -122.65027
24571.7709960938, -123.02182
24583.9775390625, -121.63697
24596.1840820313, -121.83551
24608.3906250000, -122.40126
24620.5971679688, -122.35371
24632.8037109375, -121.38810
24645.0102539063, -121.61002
24657.2167968750, -119.90047
24669.4233398438, -121.11141
24681.6298828125, -121.69380
24693.8364257813, -120.83429
24706.0429687500, -120.33858
24718.2495117188, -119.22995
24730.4560546875, -121.71221
24742.6625976563, -121.73630
24754.8691406250, -120.91529
24767.0756835938, -121.46002
24779.2822265625, -121.30257
24791.4887695313, -120.85375
24803.6953125000, -120.81868
24815.9018554688, -121.13402
24828.1083984375, -122.13395
24840.3149414063, -121.12848
24852.5214843750, -121.23395
24864.7280273438, -122.46209
24876.9345703125, -122.28715
24889.1411132813, -122.16203
24901.3476562500, -121.81895
24913.5541992188, -121.60138
24925.7607421875, -123.23969
24937.9672851563, -122.24056
24950.1738281250, -121.59219
24962.3803710938, -121.57987
24974.5869140625, -122.08598
24986.7934570313, -125.41402
