0.0000000000, -37.00537
12.2065429688, -40.02309
24.4130859375, -76.68539
36.6196289063, -73.54689
48.8261718750, -67.59949
61.0327148438, -72.52153
73.2392578125, -78.20526
85.4458007813, -88.79280
97.6523437500, -86.10188
109.8588867188, -88.52006
122.0654296875, -81.45152
134.2719726563, -77.95688
146.4785156250, -70.77388
158.6850585938, -73.56298
170.8916015625, -85.35719
183.0981445313, -89.79668
195.3046875000, -89.12396
207.5112304688, -90.96094
219.7177734375, -88.99153
231.9243164063, -85.09642
244.1308593750, -79.51351
256.3374023438, -80.36540
268.5439453125, -90.52626
280.7504882813, -92.13129
292.9570312500, -92.29687
305.1635742188, -92.04775
317.3701171875, -91.80666
329.5766601563, -91.43311
341.7832031250, -85.48617
353.9897460938, -84.49885
366.1962890625, -92.69938
378.4028320313, -93.49568
390.6093750000, -94.92443
402.8159179688, -94.91809
415.0224609375, -94.57035
427.2290039063, -94.65004
439.4355468750, -89.30611
451.6420898438, -86.31237
463.8486328125, -93.05263
476.0551757813, -94.20633
488.2617187500, -93.18883
500.4682617188, -92.95786
512.6748046875, -91.38680
524.8813476563, -92.89152
537.0878906250, -92.70877
549.2944335938, -92.12661
561.5009765625, -94.40421
573.7075195313, -95.58326
585.9140625000, -94.33411
598.1206054688, -94.41556
610.3271484375, -94.83560
622.5336914063, -96.07060
634.7402343750, -95.40362
646.9467773438, -90.48948
659.1533203125, -92.89586
671.3598632813, -94.82659
683.5664062500, -93.56350
695.7729492188, -95.76268
707.9794921875, -95.53583
720.1860351563, -96.55905
732.3925781250, -94.31324
744.5991210938, -85.20524
756.8056640625, -86.72967
769.0122070313, -96.41042
781.2187500000, -94.68908
793.4252929688, -94.43515
805.6318359375, -96.39222
817.8383789063, -96.68724
830.0449218750, -95.12941
842.2514648438, -91.66118
854.4580078125, -90.94404
866.6645507813, -94.90686
878.8710937500, -95.48628
891.0776367188, -95.96575
903.2841796875, -96.20757
915.4907226563, -97.77221
927.6972656250, -98.68404
939.9038085938, -87.12542
952.1103515625, -83.82840
964.3168945313, -92.91533
976.5234375000, -97.69538
988.7299804688, -96.25447
1000.9365234375, -97.53875
1013.1430664063, -97.39838
1025.3496093750, -97.45421
1037.5561523438, -95.01977
1049.7626953125, -91.64835
1061.9692382813, -95.80789
1074.1757812500, -96.79661
1086.3823242188, -96.36722
1098.5888671875, -95.36047
1110.7954101563, -95.69180
1123.0019531250, -98.06877
1135.2084960938, -94.42060
1147.4150390625, -86.27313
1159.6215820313, -90.31994
1171.8281250000, -95.06453
1184.0346679688, -95.87645
1196.2412109375, -95.55394
1208.4477539063, -96.53650
1220.6542968750, -97.77703
1232.8608398438, -97.51414
1245.0673828125, -88.82477
1257.2739257813, -90.49033
1269.4804687500, -95.24208
1281.6870117188, -97.93760
1293.8935546875, -98.41449
1306.1000976563, -99.06271
1318.3066406250, -99.02442
1330.5131835938, -99.74549
1342.7197265625, -93.09470
1354.9262695313, -92.72716
1367.1328125000, -98.33293
1379.3393554688, -98.85529
1391.5458984375, -100.06539
1403.7524414063, -99.32251
1415.9589843750, -99.18932
1428.1655273438, -100.25638
1440.3720703125, -98.55004
1452.5786132813, -97.83220
1464.7851562500, -99.52669
1476.9916992188, -100.20260
1489.1982421875, -99.78303
1501.4047851563, -98.49909
1513.6113281250, -98.98456
1525.8178710938, -99.13331
1538.0244140625, -95.13461
1550.2309570313, -91.38084
1562.4375000000, -97.13020
1574.6440429688, -99.55416
1586.8505859375, -99.18902
1599.0571289063, -98.97957
1611.2636718750, -98.94743
1623.4702148438, -99.29373
1635.6767578125, -97.94067
1647.8833007813, -92.18200
1660.0898437500, -96.51793
1672.2963867188, -99.63338
1684.5029296875, -100.47985
1696.7094726563, -100.02483
1708.9160156250, -98.60607
1721.1225585938, -100.41723
1733.3291015625, -99.49239
1745.5356445313, -97.47177
1757.7421875000, -98.92454
1769.9487304688, -100.14355
1782.1552734375, -101.03274
1794.3618164063, -100.69483
1806.5683593750, -99.56375
1818.7749023438, -99.91913
1830.9814453125, -99.02094
1843.1879882813, -97.51452
1855.3945312500, -97.45563
1867.6010742188, -99.86819
1879.8076171875, -100.84599
1892.0141601563, -100.32023
1904.2207031250, -99.93615
1916.4272460938, -99.97427
1928.6337890625, -101.81341
1940.8403320313, -100.61894
1953.0468750000, -99.77382
1965.2534179688, -100.81885
1977.4599609375, -100.83155
1989.6665039063, -100.81359
2001.8730468750, -99.94966
2014.0795898438, -100.11063
2026.2861328125, -101.61377
2038.4926757813, -100.79013
2050.6992187500, -100.02623
2062.9057617188, -100.03790
2075.1123046875, -100.85100
2087.3188476563, -101.10554
2099.5253906250, -100.24608
2111.7319335938, -99.92987
2123.9384765625, -100.82810
2136.1450195313, -99.79920
2148.3515625000, -97.71391
2160.5581054688, -99.00611
2172.7646484375, -100.08455
2184.9711914063, -100.14698
2197.1777343750, -101.30242
2209.3842773438, -100.45252
2221.5908203125, -101.41887
2233.7973632813, -101.42175
2246.0039062500, -100.02483
2258.2104492188, -100.66408
2270.4169921875, -100.81506
2282.6235351563, -101.01441
2294.8300781250, -99.81760
2307.0366210938, -99.74562
2319.2431640625, -101.49163
2331.4497070313, -101.29118
2343.6562500000, -101.12248
2355.8627929688, -100.92138
2368.0693359375, -101.08774
2380.2758789063, -101.14278
2392.4824218750, -100.06497
2404.6889648438, -100.90943
2416.8955078125, -101.68768
2429.1020507813, -102.18842
2441.3085937500, -101.30581
2453.5151367188, -102.40699
2465.7216796875, -100.71856
2477.9282226563, -101.34320
2490.1347656250, -101.30903
2502.3413085938, -102.16405
2514.5478515625, -101.64498
2526.7543945313, -98.42049
2538.9609375000, -95.95317
2551.1674804688, -99.57208
2563.3740234375, -99.49193
2575.5805664063, -99.60297
2587.7871093750, -100.90087
2599.9936523438, -100.49039
2612.2001953125, -101.65313
2624.4067382813, -100.31742
2636.6132812500, -100.45690
2648.8198242188, -98.01693
2661.0263671875, -101.09897
2673.2329101563, -102.03674
2685.4394531250, -101.34982
2697.6459960938, -101.64492
2709.8525390625, -101.24890
2722.0590820313, -100.40443
2734.2656250000, -100.40508
2746.4721679688, -101.47548
2758.6787109375, -101.94870
2770.8852539063, -101.57549
2783.0917968750, -101.68808
2795.2983398438, -101.17636
2807.5048828125, -101.13457
2819.7114257813, -100.72937
2831.9179687500, -101.24928
2844.1245117188, -101.17204
2856.3310546875, -101.04319
2868.5375976563, -102.64525
2880.7441406250, -101.87982
2892.9506835938, -101.19497
2905.1572265625, -101.66542
2917.3637695313, -102.06663
2929.5703125000, -101.77115
2941.7768554688, -100.97057
2953.9833984375, -101.20917
2966.1899414063, -101.22285
2978.3964843750, -101.41928
2990.6030273438, -101.52085
3002.8095703125, -101.26348
3015.0161132813, -101.59440
3027.2226562500, -101.57892
3039.4291992188, -102.22742
3051.6357421875, -102.22182
3063.8422851563, -101.04440
3076.0488281250, -100.82080
3088.2553710938, -100.61337
3100.4619140625, -101.73408
3112.6684570313, -102.04106
3124.8750000000, -101.44588
3137.0815429688, -101.66189
3149.2880859375, -100.05813
3161.4946289063, -101.39630
3173.7011718750, -101.18203
3185.9077148438, -101.45435
3198.1142578125, -102.18564
3210.3208007813, -102.05105
3222.5273437500, -100.62665
3234.7338867188, -101.27087
3246.9404296875, -100.11947
3259.1469726563, -101.89512
3271.3535156250, -101.46730
3283.5600585938, -101.36025
3295.7666015625, -101.56753
3307.9731445313, -102.39973
3320.1796875000, -101.77792
3332.3862304688, -101.59296
3344.5927734375, -101.96698
3356.7993164063, -102.04096
3369.0058593750, -101.90081
3381.2124023438, -101.58485
3393.4189453125, -102.15298
3405.6254882813, -102.04807
3417.8320312500, -102.71795
3430.0385742188, -102.09590
3442.2451171875, -100.25480
3454.4516601563, -101.17015
3466.6582031250, -101.30025
3478.8647460938, -101.89997
3491.0712890625, -100.78113
3503.2778320313, -101.46838
3515.4843750000, -101.33993
3527.6909179688, -101.35981
3539.8974609375, -101.60703
3552.1040039063, -102.22063
3564.3105468750, -101.39258
3576.5170898438, -101.53660
3588.7236328125, -100.84202
3600.9301757813, -101.17805
3613.1367187500, -101.13448
3625.3432617188, -101.31665
3637.5498046875, -101.69962
3649.7563476563, -102.64571
3661.9628906250, -102.80595
3674.1694335938, -103.13825
3686.3759765625, -101.98439
3698.5825195313, -102.22044
3710.7890625000, -102.02857
3722.9956054688, -101.90027
3735.2021484375, -101.73503
3747.4086914063, -101.40412
3759.6152343750, -101.70580
3771.8217773438, -101.74578
3784.0283203125, -102.55361
3796.2348632813, -99.07254
3808.4414062500, -96.77046
3820.6479492188, -101.67693
3832.8544921875, -102.47122
3845.0610351563, -102.46018
3857.2675781250, -102.88529
3869.4741210938, -102.08016
3881.6806640625, -102.72720
3893.8872070313, -102.04043
3906.0937500000, -102.64615
3918.3002929688, -101.21089
3930.5068359375, -102.06251
3942.7133789063, -101.54145
3954.9199218750, -101.70241
3967.1264648438, -102.34164
3979.3330078125, -102.22852
3991.5395507813, -103.02781
4003.7460937500, -102.20510
4015.9526367188, -101.27246
4028.1591796875, -102.24866
4040.3657226563, -102.14580
4052.5722656250, -101.48797
4064.7788085938, -103.14070
4076.9853515625, -102.44940
4089.1918945313, -102.02197
4101.3984375000, -101.95251
4113.6049804688, -101.48162
4125.8115234375, -101.73696
4138.0180664063, -102.54631
4150.2246093750, -102.58467
4162.4311523438, -101.75710
4174.6376953125, -102.69005
4186.8442382813, -101.39292
4199.0507812500, -101.58379
4211.2573242188, -101.87491
4223.4638671875, -102.34488
4235.6704101563, -102.60245
4247.8769531250, -102.22718
4260.0834960938, -102.32115
4272.2900390625, -102.33237
4284.4965820313, -101.88141
4296.7031250000, -102.29725
4308.9096679688, -101.73766
4321.1162109375, -101.99225
4333.3227539063, -102.39142
4345.5292968750, -102.22503
4357.7358398438, -101.80055
4369.9423828125, -101.75910
4382.1489257813, -101.64412
4394.3554687500, -101.33420
4406.5620117188, -101.41131
4418.7685546875, -103.08631
4430.9750976563, -101.72977
4443.1816406250, -101.28784
4455.3881835938, -101.22643
4467.5947265625, -101.44867
4479.8012695313, -101.85063
4492.0078125000, -101.79450
4504.2143554688, -100.95851
4516.4208984375, -103.06243
4528.6274414063, -101.61391
4540.8339843750, -101.63552
4553.0405273438, -102.98220
4565.2470703125, -102.32792
4577.4536132813, -101.07691
4589.6601562500, -100.74168
4601.8666992188, -101.88860
4614.0732421875, -102.32816
4626.2797851563, -102.64067
4638.4863281250, -101.80533
4650.6928710938, -102.21377
4662.8994140625, -101.65169
4675.1059570313, -102.87299
4687.3125000000, -103.55011
4699.5190429688, -102.55475
4711.7255859375, -101.90903
4723.9321289063, -101.65055
4736.1386718750, -102.45162
4748.3452148438, -102.19382
4760.5517578125, -102.37791
4772.7583007813, -101.86313
4784.9648437500, -101.37542
4797.1713867188, -101.95818
4809.3779296875, -102.35531
4821.5844726563, -101.76832
4833.7910156250, -101.53148
4845.9975585938, -100.99826
4858.2041015625, -101.68165
4870.4106445313, -101.92345
4882.6171875000, -101.21677
4894.8237304688, -101.39674
4907.0302734375, -101.48650
4919.2368164063, -102.58146
4931.4433593750, -101.56543
4943.6499023438, -101.66183
4955.8564453125, -101.86798
4968.0629882813, -102.05456
4980.2695312500, -102.74995
4992.4760742188, -101.67094
5004.6826171875, -102.52689
5016.8891601563, -102.44731
5029.0957031250, -102.86845
5041.3022460938, -102.42612
5053.5087890625, -101.94011
5065.7153320313, -99.30942
5077.9218750000, -97.70512
5090.1284179688, -101.62873
5102.3349609375, -102.96475
5114.5415039063, -102.30776
5126.7480468750, -102.35615
5138.9545898438, -101.99136
5151.1611328125, -101.63991
5163.3676757813, -101.71894
5175.5742187500, -102.77201
5187.7807617188, -103.12311
5199.9873046875, -102.51994
5212.1938476563, -101.96298
5224.4003906250, -102.65923
5236.6069335938, -101.22862
5248.8134765625, -102.26053
5261.0200195313, -102.08418
5273.2265625000, -103.22800
5285.4331054688, -103.17746
5297.6396484375, -102.11680
5309.8461914063, -102.44083
5322.0527343750, -101.79217
5334.2592773438, -102.15676
5346.4658203125, -102.09273
5358.6723632813, -101.87099
5370.8789062500, -103.47771
5383.0854492188, -102.77695
5395.2919921875, -102.04100
5407.4985351563, -102.04325
5419.7050781250, -102.25550
5431.9116210938, -102.65631
5444.1181640625, -102.24740
5456.3247070313, -102.25392
5468.5312500000, -102.42130
5480.7377929688, -102.40943
5492.9443359375, -102.30529
5505.1508789063, -102.50099
5517.3574218750, -101.18199
5529.5639648438, -101.82274
5541.7705078125, -103.07805
5553.9770507813, -103.79809
5566.1835937500, -102.18926
5578.3901367188, -102.13902
5590.5966796875, -102.56382
5602.8032226563, -102.88511
5615.0097656250, -102.04592
5627.2163085938, -101.86247
5639.4228515625, -102.21238
5651.6293945313, -102.29560
5663.8359375000, -102.66214
5676.0424804688, -103.24036
5688.2490234375, -102.19691
5700.4555664063, -102.03097
5712.6621093750, -102.10873
5724.8686523438, -101.99651
5737.0751953125, -102.76838
5749.2817382813, -102.31750
5761.4882812500, -102.10103
5773.6948242188, -102.54959
5785.9013671875, -102.90921
5798.1079101563, -102.23005
5810.3144531250, -101.53013
5822.5209960938, -102.05458
5834.7275390625, -102.64632
5846.9340820313, -101.93589
5859.1406250000, -101.27450
5871.3471679688, -101.45449
5883.5537109375, -102.36195
5895.7602539063, -102.91751
5907.9667968750, -102.65521
5920.1733398438, -101.54783
5932.3798828125, -101.94961
5944.5864257813, -102.13001
5956.7929687500, -101.92519
5968.9995117188, -101.64219
5981.2060546875, -101.76401
5993.4125976563, -103.07403
6005.6191406250, -102.46645
6017.8256835938, -101.66442
6030.0322265625, -102.09378
6042.2387695313, -102.52994
6054.4453125000, -103.45743
6066.6518554688, -104.38901
6078.8583984375, -103.41545
6091.0649414063, -102.10336
6103.2714843750, -102.32748
6115.4780273438, -102.87681
6127.6845703125, -102.41371
6139.8911132813, -102.18943
6152.0976562500, -102.56187
6164.3041992188, -102.30725
6176.5107421875, -102.22645
6188.7172851563, -102.14978
6200.9238281250, -102.08814
6213.1303710938, -101.95643
6225.3369140625, -102.64836
6237.5434570313, -103.14307
6249.7500000000, -102.25017
6261.9565429688, -102.65903
6274.1630859375, -102.47962
6286.3696289063, -102.82748
6298.5761718750, -102.61595
6310.7827148438, -101.57872
6322.9892578125, -101.77737
6335.1958007813, -99.43007
6347.4023437500, -97.75749
6359.6088867188, -101.52518
6371.8154296875, -101.79371
6384.0219726563, -101.86984
6396.2285156250, -102.41448
6408.4350585938, -102.04146
6420.6416015625, -102.53303
6432.8481445313, -102.65864
6445.0546875000, -101.92650
6457.2612304688, -102.12415
6469.4677734375, -102.95486
6481.6743164063, -102.90359
6493.8808593750, -101.24419
6506.0874023438, -102.10172
6518.2939453125, -102.34807
6530.5004882813, -101.95075
6542.7070312500, -102.89371
6554.9135742188, -102.24233
6567.1201171875, -101.90696
6579.3266601563, -101.70867
6591.5332031250, -101.88161
6603.7397460938, -103.02390
6615.9462890625, -101.74171
6628.1528320313, -102.59907
6640.3593750000, -101.36248
6652.5659179688, -101.36702
6664.7724609375, -102.69744
6676.9790039063, -103.21504
6689.1855468750, -102.56642
6701.3920898438, -103.09579
6713.5986328125, -101.99615
6725.8051757813, -102.37026
6738.0117187500, -102.64438
6750.2182617188, -102.59991
6762.4248046875, -102.67126
6774.6313476563, -102.11064
6786.8378906250, -103.06562
6799.0444335938, -101.63801
6811.2509765625, -101.51092
6823.4575195313, -99.48509
6835.6640625000, -101.78364
6847.8706054688, -102.06176
6860.0771484375, -101.11539
6872.2836914063, -101.82393
6884.4902343750, -102.96828
6896.6967773438, -102.54386
6908.9033203125, -102.09778
6921.1098632813, -101.99892
6933.3164062500, -101.32338
6945.5229492188, -101.28293
6957.7294921875, -102.69611
6969.9360351563, -102.15556
6982.1425781250, -101.71960
6994.3491210938, -102.33835
7006.5556640625, -102.13511
7018.7622070313, -102.54142
7030.9687500000, -102.16305
7043.1752929688, -101.63506
7055.3818359375, -101.83342
7067.5883789063, -102.33598
7079.7949218750, -102.68842
7092.0014648438, -101.90399
7104.2080078125, -102.18696
7116.4145507813, -102.12375
7128.6210937500, -102.47149
7140.8276367188, -101.90559
7153.0341796875, -101.66362
7165.2407226563, -102.57202
7177.4472656250, -102.45681
7189.6538085938, -102.19253
7201.8603515625, -101.78461
7214.0668945313, -101.04475
7226.2734375000, -101.71696
7238.4799804688, -102.53830
7250.6865234375, -103.76612
7262.8930664063, -102.37646
7275.0996093750, -101.84447
7287.3061523438, -101.59659
7299.5126953125, -101.86030
7311.7192382813, -103.81333
7323.9257812500, -102.78141
7336.1323242188, -102.83286
7348.3388671875, -102.12363
7360.5454101563, -101.76427
7372.7519531250, -101.98580
7384.9584960938, -102.84070
7397.1650390625, -101.92769
7409.3715820313, -101.89575
7421.5781250000, -102.71698
7433.7846679688, -102.64532
7445.9912109375, -102.67970
7458.1977539063, -102.51379
7470.4042968750, -101.74968
7482.6108398438, -100.62684
7494.8173828125, -101.85995
7507.0239257813, -103.08741
7519.2304687500, -102.26417
7531.4370117188, -101.96621
7543.6435546875, -101.80166
7555.8500976563, -101.66469
7568.0566406250, -102.08397
7580.2631835938, -102.23959
7592.4697265625, -102.12826
7604.6762695313, -100.09889
7616.8828125000, -98.60178
7629.0893554688, -101.84891
7641.2958984375, -101.98133
7653.5024414063, -103.22694
7665.7089843750, -102.90365
7677.9155273438, -102.73294
7690.1220703125, -102.55223
7702.3286132813, -102.43077
7714.5351562500, -101.19883
7726.7416992188, -102.38496
7738.9482421875, -101.58331
7751.1547851563, -101.19481
7763.3613281250, -101.95416
7775.5678710938, -102.37523
7787.7744140625, -101.92526
7799.9809570313, -101.97161
7812.1875000000, -102.81817
7824.3940429688, -102.57013
7836.6005859375, -101.96401
7848.8071289063, -101.60400
7861.0136718750, -101.96216
7873.2202148438, -102.15073
7885.4267578125, -102.23099
7897.6333007813, -102.42994
7909.8398437500, -101.15760
7922.0463867188, -101.85727
7934.2529296875, -103.45423
7946.4594726563, -103.12157
7958.6660156250, -101.61462
7970.8725585938, -102.26592
7983.0791015625, -102.33249
7995.2856445313, -102.91410
8007.4921875000, -102.79796
8019.6987304688, -102.48153
8031.9052734375, -102.54016
8044.1118164063, -101.16051
8056.3183593750, -102.16612
8068.5249023438, -102.40078
8080.7314453125, -102.50787
8092.9379882813, -102.13280
8105.1445312500, -103.17332
8117.3510742188, -102.64897
8129.5576171875, -101.98667
8141.7641601563, -102.23535
8153.9707031250, -102.53706
8166.1772460938, -102.29621
8178.3837890625, -102.20297
8190.5903320313, -102.20326
8202.7968750000, -103.15891
8215.0034179688, -102.18657
8227.2099609375, -101.54490
8239.4165039063, -102.07341
8251.6230468750, -101.64997
8263.8295898438, -101.42091
8276.0361328125, -102.36651
8288.2426757813, -102.70808
8300.4492187500, -101.97524
8312.6557617188, -103.16277
8324.8623046875, -102.26919
8337.0688476563, -102.53256
8349.2753906250, -101.95973
8361.4819335938, -102.73799
8373.6884765625, -102.29916
8385.8950195313, -102.53662
8398.1015625000, -102.70496
8410.3081054688, -102.25501
8422.5146484375, -102.29314
8434.7211914063, -102.70085
8446.9277343750, -103.92284
8459.1342773438, -101.80872
8471.3408203125, -101.52852
8483.5473632813, -102.22986
8495.7539062500, -101.10735
8507.9604492188, -102.37415
8520.1669921875, -102.17941
8532.3735351563, -102.52769
8544.5800781250, -102.21149
8556.7866210938, -102.27486
8568.9931640625, -101.79978
8581.1997070313, -102.23759
8593.4062500000, -103.03324
8605.6127929688, -101.98676
8617.8193359375, -102.62642
8630.0258789063, -102.52238
8642.2324218750, -102.28667
8654.4389648438, -103.21914
8666.6455078125, -102.28254
8678.8520507813, -102.05549
8691.0585937500, -102.43170
8703.2651367188, -102.14650
8715.4716796875, -102.77210
8727.6782226563, -102.14281
8739.8847656250, -102.36641
8752.0913085938, -102.10166
8764.2978515625, -102.43757
8776.5043945313, -101.77866
8788.7109375000, -102.34432
8800.9174804688, -103.26196
8813.1240234375, -103.66839
8825.3305664063, -102.68174
8837.5371093750, -102.36119
8849.7436523438, -102.64973
8861.9501953125, -102.66218
8874.1567382813, -98.98381
8886.3632812500, -99.01757
8898.5698242188, -101.57293
8910.7763671875, -102.04158
8922.9829101563, -103.34938
8935.1894531250, -102.78486
8947.3959960938, -102.50976
8959.6025390625, -102.63757
8971.8090820313, -102.25853
8984.0156250000, -102.24574
8996.2221679688, -103.68936
9008.4287109375, -102.98841
9020.6352539063, -102.25187
9032.8417968750, -103.46461
9045.0483398438, -103.82570
9057.2548828125, -103.34804
9069.4614257813, -102.45715
9081.6679687500, -102.13405
9093.8745117188, -100.88533
9106.0810546875, -101.62899
9118.2875976563, -102.48937
9130.4941406250, -101.29497
9142.7006835938, -102.02778
9154.9072265625, -102.15243
9167.1137695313, -102.85971
9179.3203125000, -102.77042
9191.5268554688, -102.20677
9203.7333984375, -102.37894
9215.9399414063, -102.39293
9228.1464843750, -103.09025
9240.3530273438, -102.14202
9252.5595703125, -102.07823
9264.7661132813, -102.12720
9276.9726562500, -101.83434
9289.1791992188, -102.56420
9301.3857421875, -101.72041
9313.5922851563, -101.92881
9325.7988281250, -102.71497
9338.0053710938, -102.00571
9350.2119140625, -102.60449
9362.4184570313, -102.39013
9374.6250000000, -102.27161
9386.8315429688, -103.06129
9399.0380859375, -103.52970
9411.2446289063, -102.15993
9423.4511718750, -102.10331
9435.6577148438, -101.91877
9447.8642578125, -102.52918
9460.0708007813, -102.68014
9472.2773437500, -103.38035
9484.4838867188, -102.34239
9496.6904296875, -101.62352
9508.8969726563, -102.23178
9521.1035156250, -101.67752
9533.3100585938, -101.84532
9545.5166015625, -102.06969
9557.7231445313, -102.14483
9569.9296875000, -103.42679
9582.1362304688, -103.25965
9594.3427734375, -101.89443
9606.5493164063, -102.37017
9618.7558593750, -102.60497
9630.9624023438, -102.67739
9643.1689453125, -101.85092
9655.3754882813, -101.57702
9667.5820312500, -101.56679
9679.7885742188, -101.59778
9691.9951171875, -102.02504
9704.2016601563, -102.54391
9716.4082031250, -102.70000
9728.6147460938, -102.46326
9740.8212890625, -101.65274
9753.0278320313, -103.05633
9765.2343750000, -102.31983
9777.4409179688, -102.89617
9789.6474609375, -102.67079
9801.8540039063, -101.81729
9814.0605468750, -101.97021
9826.2670898438, -101.87255
9838.4736328125, -102.97182
9850.6801757813, -103.70787
9862.8867187500, -102.49130
9875.0932617188, -102.18376
9887.2998046875, -102.84951
9899.5063476563, -102.04704
9911.7128906250, -103.91147
9923.9194335938, -102.62575
9936.1259765625, -102.44041
9948.3325195313, -101.99834
9960.5390625000, -102.33742
9972.7456054688, -103.29081
9984.9521484375, -102.36961
9997.1586914063, -102.84237
10009.3652343750, -102.50796
10021.5717773438, -101.83293
10033.7783203125, -102.05071
10045.9848632813, -102.55475
10058.1914062500, -102.58566
10070.3979492188, -103.95561
10082.6044921875, -102.49303
10094.8110351563, -102.12452
10107.0175781250, -102.17517
10119.2241210938, -103.11116
10131.4306640625, -102.42930
10143.6372070313, -98.93008
10155.8437500000, -99.20392
10168.0502929688, -102.30135
10180.2568359375, -103.12519
10192.4633789063, -102.08688
10204.6699218750, -102.99117
10216.8764648438, -102.54796
10229.0830078125, -102.03320
10241.2895507813, -102.78640
10253.4960937500, -102.56574
10265.7026367188, -102.31980
10277.9091796875, -102.49219
10290.1157226563, -102.49390
10302.3222656250, -101.61963
10314.5288085938, -102.55841
10326.7353515625, -102.81681
10338.9418945313, -102.52504
10351.1484375000, -102.76537
10363.3549804688, -102.16514
10375.5615234375, -101.95987
10387.7680664063, -102.42092
10399.9746093750, -103.24734
10412.1811523438, -103.16263
10424.3876953125, -103.11550
10436.5942382813, -102.87301
10448.8007812500, -103.12959
10461.0073242188, -103.03031
10473.2138671875, -101.96674
10485.4204101563, -103.14876
10497.6269531250, -103.20073
10509.8334960938, -102.60524
10522.0400390625, -102.07115
10534.2465820313, -101.45287
10546.4531250000, -101.01072
10558.6596679688, -101.24846
10570.8662109375, -102.79116
10583.0727539063, -102.56912
10595.2792968750, -102.36375
10607.4858398438, -102.38948
10619.6923828125, -102.65298
10631.8989257813, -103.05627
10644.1054687500, -102.93479
10656.3120117188, -102.73046
10668.5185546875, -102.80222
10680.7250976563, -102.88834
10692.9316406250, -103.24400
10705.1381835938, -103.55603
10717.3447265625, -102.62315
10729.5512695313, -102.03250
10741.7578125000, -102.75254
10753.9643554688, -102.44186
10766.1708984375, -103.11821
10778.3774414063, -102.70804
10790.5839843750, -102.46344
10802.7905273438, -103.41671
10814.9970703125, -102.42118
10827.2036132813, -101.45071
10839.4101562500, -101.67573
10851.6166992188, -102.61089
10863.8232421875, -102.29856
10876.0297851563, -102.91524
10888.2363281250, -102.84140
10900.4428710938, -101.98981
10912.6494140625, -101.94773
10924.8559570313, -102.05231
10937.0625000000, -101.39628
10949.2690429688, -101.42346
10961.4755859375, -102.05888
10973.6821289063, -102.58555
10985.8886718750, -103.11975
10998.0952148438, -102.51485
11010.3017578125, -101.96774
11022.5083007813, -102.42874
11034.7148437500, -102.72917
11046.9213867188, -101.59022
11059.1279296875, -102.48194
11071.3344726563, -103.05460
11083.5410156250, -103.05605
11095.7475585938, -103.34830
11107.9541015625, -101.80645
11120.1606445313, -102.03347
11132.3671875000, -102.63250
11144.5737304688, -102.02328
11156.7802734375, -101.85311
11168.9868164063, -102.76074
11181.1933593750, -102.31718
11193.3999023438, -102.06506
11205.6064453125, -102.62019
11217.8129882813, -103.31223
11230.0195312500, -102.38771
11242.2260742188, -101.86570
11254.4326171875, -101.80616
11266.6391601563, -102.53332
11278.8457031250, -103.02507
11291.0522460938, -102.73751
11303.2587890625, -102.97397
11315.4653320313, -102.33346
11327.6718750000, -102.89287
11339.8784179688, -103.02542
11352.0849609375, -102.37401
11364.2915039063, -102.32221
11376.4980468750, -102.74983
11388.7045898438, -102.94063
11400.9111328125, -102.24442
11413.1176757813, -99.09821
11425.3242187500, -100.20274
11437.5307617188, -103.15976
11449.7373046875, -103.89605
11461.9438476563, -102.12249
11474.1503906250, -101.48873
11486.3569335938, -101.37942
11498.5634765625, -102.10628
11510.7700195313, -102.09599
11522.9765625000, -102.49110
11535.1831054688, -101.98468
11547.3896484375, -101.45381
11559.5961914063, -102.63897
11571.8027343750, -102.94376
11584.0092773438, -103.66000
11596.2158203125, -102.98433
11608.4223632813, -103.77361
11620.6289062500, -103.28114
11632.8354492188, -102.14343
11645.0419921875, -102.31059
11657.2485351563, -102.80632
11669.4550781250, -102.52127
11681.6616210938, -101.55340
11693.8681640625, -102.26948
11706.0747070313, -102.42349
11718.2812500000, -102.04600
11730.4877929688, -102.39113
11742.6943359375, -102.10996
11754.9008789063, -102.00078
11767.1074218750, -102.80108
11779.3139648438, -102.30607
11791.5205078125, -103.05260
11803.7270507813, -103.12338
11815.9335937500, -102.49745
11828.1401367188, -103.11427
11840.3466796875, -102.73030
11852.5532226563, -102.49167
11864.7597656250, -102.49849
11876.9663085938, -102.88327
11889.1728515625, -103.22966
11901.3793945313, -102.43413
11913.5859375000, -101.34695
11925.7924804688, -102.24707
11937.9990234375, -102.09801
11950.2055664063, -102.42303
11962.4121093750, -102.32461
11974.6186523438, -104.19445
11986.8251953125, -103.13525
11999.0317382813, -102.39080
12011.2382812500, -103.28923
12023.4448242188, -102.58658
12035.6513671875, -102.01201
12047.8579101563, -103.02898
12060.0644531250, -101.26323
12072.2709960938, -101.34650
12084.4775390625, -102.94345
12096.6840820313, -101.61822
12108.8906250000, -102.16066
12121.0971679688, -103.10065
12133.3037109375, -102.89954
12145.5102539063, -103.12657
12157.7167968750, -102.40700
12169.9233398438, -102.80153
12182.1298828125, -103.07446
12194.3364257813, -102.58814
12206.5429687500, -102.07097
12218.7495117188, -102.60307
12230.9560546875, -103.24758
12243.1625976563, -102.39613
12255.3691406250, -102.04678
12267.5756835938, -101.71493
12279.7822265625, -101.47274
12291.9887695313, -102.14676
12304.1953125000, -101.90820
12316.4018554688, -103.24914
12328.6083984375, -102.96025
12340.8149414063, -102.78043
12353.0214843750, -102.01295
12365.2280273438, -101.69107
12377.4345703125, -102.76239
12389.6411132813, -102.71344
12401.8476562500, -103.42241
12414.0541992188, -102.74277
12426.2607421875, -102.36037
12438.4672851563, -102.26774
12450.6738281250, -102.16765
12462.8803710938, -101.73873
12475.0869140625, -102.11508
12487.2934570313, -102.03134
12499.5000000000, -102.35747
12511.7065429688, -103.01044
12523.9130859375, -102.85062
12536.1196289063, -103.18613
12548.3261718750, -102.25005
12560.5327148438, -102.64428
12572.7392578125, -102.28226
12584.9458007813, -102.97273
12597.1523437500, -103.41827
12609.3588867188, -101.69326
12621.5654296875, -102.06011
12633.7719726563, -102.69902
12645.9785156250, -102.30689
12658.1850585938, -102.59722
12670.3916015625, -100.97223
12682.5981445313, -98.34136
12694.8046875000, -99.58686
12707.0112304688, -101.57744
12719.2177734375, -102.74761
12731.4243164063, -102.31513
12743.6308593750, -101.64900
12755.8374023438, -102.52415
12768.0439453125, -102.99729
12780.2504882813, -103.43056
12792.4570312500, -101.99543
12804.6635742188, -102.50556
12816.8701171875, -102.76110
12829.0766601563, -102.52920
12841.2832031250, -102.49740
12853.4897460938, -102.77139
12865.6962890625, -102.23216
12877.9028320313, -102.27651
12890.1093750000, -102.54390
12902.3159179688, -102.46114
12914.5224609375, -103.45275
12926.7290039063, -101.84326
12938.9355468750, -102.14818
12951.1420898438, -102.48479
12963.3486328125, -101.51279
12975.5551757813, -100.98081
12987.7617187500, -101.94024
12999.9682617188, -102.67153
13012.1748046875, -102.11495
13024.3813476563, -101.62569
13036.5878906250, -100.86564
13048.7944335938, -101.74427
13061.0009765625, -102.67604
13073.2075195313, -102.31045
13085.4140625000, -102.75442
13097.6206054688, -102.31906
13109.8271484375, -102.15240
13122.0336914063, -102.10964
13134.2402343750, -102.52734
13146.4467773438, -103.19422
13158.6533203125, -102.30637
13170.8598632813, -102.57857
13183.0664062500, -102.38110
13195.2729492188, -103.13747
13207.4794921875, -103.29686
13219.6860351563, -102.45133
13231.8925781250, -101.79474
13244.0991210938, -102.99142
13256.3056640625, -102.74428
13268.5122070313, -102.59433
13280.7187500000, -102.30092
13292.9252929688, -102.50792
13305.1318359375, -102.69444
13317.3383789063, -103.06871
13329.5449218750, -102.74194
13341.7514648438, -103.06367
13353.9580078125, -102.35389
13366.1645507813, -102.45707
13378.3710937500, -103.25440
13390.5776367188, -102.32788
13402.7841796875, -101.68401
13414.9907226563, -102.08655
13427.1972656250, -102.84948
13439.4038085938, -101.73258
13451.6103515625, -103.03026
13463.8168945313, -102.04079
13476.0234375000, -102.18727
13488.2299804688, -102.28962
13500.4365234375, -102.95163
13512.6430664063, -103.46045
13524.8496093750, -101.86195
13537.0561523438, -102.44828
13549.2626953125, -101.65965
13561.4692382813, -102.42675
13573.6757812500, -102.20323
13585.8823242188, -102.93597
13598.0888671875, -102.51467
13610.2954101563, -102.30908
13622.5019531250, -102.24695
13634.7084960938, -102.11627
13646.9150390625, -102.56784
13659.1215820313, -101.73697
13671.3281250000, -102.16095
13683.5346679688, -102.96879
13695.7412109375, -102.37611
13707.9477539063, -102.83750
13720.1542968750, -102.60362
13732.3608398438, -100.87235
13744.5673828125, -101.10516
13756.7739257813, -102.31207
13768.9804687500, -102.15366
13781.1870117188, -102.56353
13793.3935546875, -102.44047
13805.6000976563, -102.43737
13817.8066406250, -102.31878
13830.0131835938, -102.25735
13842.2197265625, -102.39390
13854.4262695313, -102.24019
13866.6328125000, -103.00678
13878.8393554688, -102.97954
13891.0458984375, -102.60933
13903.2524414063, -102.61586
13915.4589843750, -101.93481
13927.6655273438, -101.27860
13939.8720703125, -101.35120
13952.0786132813, -98.13577
13964.2851562500, -99.40844
13976.4916992188, -101.86355
13988.6982421875, -102.11456
14000.9047851563, -103.05668
14013.1113281250, -101.80655
14025.3178710938, -101.74270
14037.5244140625, -101.67429
14049.7309570313, -102.07167
14061.9375000000, -101.70586
14074.1440429688, -101.55436
14086.3505859375, -103.36948
14098.5571289063, -102.73541
14110.7636718750, -101.98900
14122.9702148438, -102.07617
14135.1767578125, -101.78226
14147.3833007813, -101.72276
14159.5898437500, -101.63770
14171.7963867188, -102.04648
14184.0029296875, -102.32176
14196.2094726563, -102.41436
14208.4160156250, -102.59505
14220.6225585938, -101.30711
14232.8291015625, -101.48989
14245.0356445313, -102.22831
14257.2421875000, -102.32151
14269.4487304688, -102.34964
14281.6552734375, -102.10536
14293.8618164063, -101.33294
14306.0683593750, -100.71706
14318.2749023438, -101.58702
14330.4814453125, -101.79270
14342.6879882813, -101.60942
14354.8945312500, -102.94940
14367.1010742188, -102.89643
14379.3076171875, -102.69799
14391.5141601563, -103.34967
14403.7207031250, -102.35495
14415.9272460938, -102.40678
14428.1337890625, -101.71348
14440.3403320313, -102.40064
14452.5468750000, -103.29906
14464.7534179688, -103.04750
14476.9599609375, -102.23572
14489.1665039063, -102.01825
14501.3730468750, -101.77603
14513.5795898438, -101.92005
14525.7861328125, -102.41669
14537.9926757813, -101.76197
14550.1992187500, -100.98281
14562.4057617188, -101.31580
14574.6123046875, -101.66484
14586.8188476563, -102.66365
14599.0253906250, -101.13412
14611.2319335938, -101.34893
14623.4384765625, -102.16374
14635.6450195313, -102.27071
14647.8515625000, -101.81108
14660.0581054688, -101.00129
14672.2646484375, -102.01625
14684.4711914063, -102.17050
14696.6777343750, -102.19079
14708.8842773438, -102.31278
14721.0908203125, -101.79336
14733.2973632813, -101.85400
14745.5039062500, -100.98279
14757.7104492188, -101.38214
14769.9169921875, -101.68078
14782.1235351563, -102.37776
14794.3300781250, -102.02520
14806.5366210938, -102.62505
14818.7431640625, -101.93222
14830.9497070313, -101.18138
14843.1562500000, -101.19053
14855.3627929688, -101.18327
14867.5693359375, -101.55855
14879.7758789063, -101.32107
14891.9824218750, -100.89006
14904.1889648438, -101.51319
14916.3955078125, -101.32222
14928.6020507813, -101.85711
14940.8085937500, -101.48792
14953.0151367188, -101.56183
14965.2216796875, -101.85238
14977.4282226563, -101.79030
14989.6347656250, -101.86856
15001.8413085938, -102.30419
15014.0478515625, -101.40357
15026.2543945313, -100.37071
15038.4609375000, -99.87489
15050.6674804688, -101.85604
15062.8740234375, -101.70413
15075.0805664063, -101.33259
15087.2871093750, -101.07521
15099.4936523438, -100.92325
15111.7001953125, -102.50740
15123.9067382813, -101.46702
15136.1132812500, -100.50251
15148.3198242188, -101.44113
15160.5263671875, -100.77603
15172.7329101563, -101.78092
15184.9394531250, -101.75368
15197.1459960938, -100.52130
15209.3525390625, -99.29990
15221.5590820313, -95.27636
15233.7656250000, -96.98682
15245.9721679688, -100.60357
15258.1787109375, -101.01102
15270.3852539063, -100.61867
15282.5917968750, -100.96137
15294.7983398438, -101.29021
15307.0048828125, -101.88849
15319.2114257813, -100.63741
15331.4179687500, -100.24065
15343.6245117188, -99.89641
15355.8310546875, -101.12837
15368.0375976563, -100.27444
15380.2441406250, -101.24276
15392.4506835938, -100.77160
15404.6572265625, -100.12324
15416.8637695313, -102.03132
15429.0703125000, -100.39774
15441.2768554688, -99.51911
15453.4833984375, -99.29642
15465.6899414063, -99.66301
15477.8964843750, -100.53034
15490.1030273438, -100.12451
15502.3095703125, -99.71527
15514.5161132813, -100.13227
15526.7226562500, -100.21085
15538.9291992188, -100.31113
15551.1357421875, -99.16798
15563.3422851563, -100.29015
15575.5488281250, -99.84085
15587.7553710938, -99.46598
15599.9619140625, -99.16461
15612.1684570313, -99.39935
15624.3750000000, -98.76904
15636.5815429688, -98.66458
15648.7880859375, -99.37450
15660.9946289063, -98.97647
15673.2011718750, -98.85332
15685.4077148438, -99.11945
15697.6142578125, -98.55081
15709.8208007813, -98.52440
15722.0273437500, -98.94391
15734.2338867188, -98.80384
15746.4404296875, -99.40688
15758.6469726563, -98.05877
15770.8535156250, -97.38254
15783.0600585938, -96.97317
15795.2666015625, -98.24077
15807.4731445313, -98.89746
15819.6796875000, -97.67689
15831.8862304688, -96.38568
15844.0927734375, -97.31934
15856.2993164063, -97.11219
15868.5058593750, -96.51590
15880.7124023438, -96.93025
15892.9189453125, -97.23908
15905.1254882813, -98.37430
15917.3320312500, -96.78327
15929.5385742188, -95.07069
15941.7451171875, -94.65308
15953.9516601563, -94.91850
15966.1582031250, -96.41314
15978.3647460938, -95.48252
15990.5712890625, -95.68428
16002.7778320313, -95.74378
16014.9843750000, -95.18405
16027.1909179688, -93.25890
16039.3974609375, -93.05792
16051.6040039063, -94.05546
16063.8105468750, -92.59487
16076.0170898438, -93.47592
16088.2236328125, -92.96541
16100.4301757813, -92.20021
16112.6367187500, -93.05582
16124.8432617188, -92.44825
16137.0498046875, -90.60467
16149.2563476563, -90.88377
16161.4628906250, -92.59875
16173.6694335938, -92.79850
16185.8759765625, -91.89183
16198.0825195313, -91.04453
16210.2890625000, -91.85762
16222.4956054688, -91.39178
16234.7021484375, -90.16583
16246.9086914063, -90.66757
16259.1152343750, -90.48128
16271.3217773438, -90.73250
16283.5283203125, -90.09612
16295.7348632813, -90.93157
16307.9414062500, -90.45056
16320.1479492188, -91.25517
16332.3544921875, -90.40597
16344.5610351563, -91.22778
16356.7675781250, -90.60791
16368.9741210938, -90.02011
16381.1806640625, -89.61039
16393.3872070313, -89.91072
16405.5937500000, -90.10348
16417.8002929688, -89.43928
16430.0068359375, -88.43842
16442.2133789063, -89.10493
16454.4199218750, -89.96243
16466.6264648438, -88.45564
16478.8330078125, -86.52836
16491.0395507813, -82.59833
16503.2460937500, -86.01688
16515.4526367188, -88.66219
16527.6591796875, -88.86743
16539.8657226563, -90.09108
16552.0722656250, -89.45165
16564.2788085938, -89.41782
16576.4853515625, -89.31443
16588.6918945313, -88.78865
16600.8984375000, -88.47222
16613.1049804688, -88.40529
16625.3115234375, -88.56694
16637.5180664063, -88.21983
16649.7246093750, -89.14937
16661.9311523438, -87.79017
16674.1376953125, -88.16464
16686.3442382813, -88.01424
16698.5507812500, -89.55781
16710.7573242188, -90.38253
16722.9638671875, -89.18497
16735.1704101563, -89.94266
16747.3769531250, -89.68685
16759.5834960938, -90.27404
16771.7900390625, -89.77371
16783.9965820313, -88.97981
16796.2031250000, -88.93422
16808.4096679688, -89.28742
16820.6162109375, -89.72080
16832.8227539063, -87.85994
16845.0292968750, -88.90278
16857.2358398438, -90.00833
16869.4423828125, -89.23811
16881.6489257813, -89.15252
16893.8554687500, -90.22003
16906.0620117188, -91.28447
16918.2685546875, -91.15825
16930.4750976563, -90.01282
16942.6816406250, -91.55370
16954.8881835938, -90.58038
16967.0947265625, -90.21637
16979.3012695313, -90.85075
16991.5078125000, -91.76020
17003.7143554688, -92.92126
17015.9208984375, -93.00913
17028.1274414063, -92.41097
17040.3339843750, -92.73014
17052.5405273438, -94.33643
17064.7470703125, -95.14581
17076.9536132813, -93.94084
17089.1601562500, -93.91492
17101.3666992188, -93.89612
17113.5732421875, -94.13311
17125.7797851563, -94.12158
17137.9863281250, -94.89159
17150.1928710938, -95.71847
17162.3994140625, -96.49690
17174.6059570313, -95.37576
17186.8125000000, -95.81070
17199.0190429688, -96.94992
17211.2255859375, -97.09314
17223.4321289063, -96.06619
17235.6386718750, -95.50030
17247.8452148438, -97.08356
17260.0517578125, -97.25966
17272.2583007813, -98.35529
17284.4648437500, -97.74372
17296.6713867188, -97.67649
17308.8779296875, -98.38578
17321.0844726563, -98.25354
17333.2910156250, -97.79523
17345.4975585938, -97.69219
17357.7041015625, -97.88067
17369.9106445313, -97.79535
17382.1171875000, -97.71240
17394.3237304688, -98.72240
17406.5302734375, -98.50742
17418.7368164063, -98.39265
17430.9433593750, -97.68120
17443.1499023438, -97.18254
17455.3564453125, -98.46470
17467.5629882813, -99.01079
17479.7695312500, -98.78437
17491.9760742188, -98.58238
17504.1826171875, -99.28129
17516.3891601563, -98.81823
17528.5957031250, -98.11697
17540.8022460938, -97.58574
17553.0087890625, -98.19232
17565.2153320313, -100.16223
17577.4218750000, -99.21968
17589.6284179688, -98.96249
17601.8349609375, -98.85169
17614.0415039063, -99.88325
17626.2480468750, -100.15329
17638.4545898438, -98.46336
17650.6611328125, -99.81542
17662.8676757813, -100.18983
17675.0742187500, -100.12057
17687.2807617188, -100.66381
17699.4873046875, -100.25082
17711.6938476563, -101.22427
17723.9003906250, -100.91319
17736.1069335938, -99.89912
17748.3134765625, -100.05089
17760.5200195313, -97.90010
17772.7265625000, -98.86122
17784.9331054688, -99.95123
17797.1396484375, -100.97972
17809.3461914063, -101.37677
17821.5527343750, -101.41892
17833.7592773438, -100.49812
17845.9658203125, -101.18259
17858.1723632813, -100.99581
17870.3789062500, -100.44774
17882.5854492188, -99.91685
17894.7919921875, -100.46318
17906.9985351563, -100.11678
17919.2050781250, -100.70416
17931.4116210938, -99.01997
17943.6181640625, -99.72960
17955.8247070313, -99.92730
17968.0312500000, -100.32214
17980.2377929688, -101.30823
17992.4443359375, -100.94759
18004.6508789063, -101.78669
18016.8574218750, -101.21089
18029.0639648438, -96.91571
18041.2705078125, -96.43745
18053.4770507813, -102.00787
18065.6835937500, -101.94524
18077.8901367188, -101.36845
18090.0966796875, -101.84238
18102.3032226563, -101.23345
18114.5097656250, -101.14608
18126.7163085938, -99.38297
18138.9228515625, -98.80058
18151.1293945313, -101.58501
18163.3359375000, -101.92682
18175.5424804688, -102.34574
18187.7490234375, -102.00772
18199.9555664063, -101.59498
18212.1621093750, -100.94267
18224.3686523438, -101.62630
18236.5751953125, -101.38912
18248.7817382813, -100.88251
18260.9882812500, -101.36328
18273.1948242188, -101.89558
18285.4013671875, -101.52589
18297.6079101563, -101.79165
18309.8144531250, -100.86059
18322.0209960938, -101.14322
18334.2275390625, -101.37088
18346.4340820313, -101.91229
18358.6406250000, -100.94698
18370.8471679688, -101.58298
18383.0537109375, -101.27587
18395.2602539063, -101.55104
18407.4667968750, -101.36559
18419.6733398438, -101.65285
18431.8798828125, -102.31930
18444.0864257813, -101.96546
18456.2929687500, -102.29726
18468.4995117188, -101.16346
18480.7060546875, -101.15706
18492.9125976563, -100.94865
18505.1191406250, -101.27445
18517.3256835938, -101.07568
18529.5322265625, -101.69312
18541.7387695313, -101.95892
18553.9453125000, -102.13284
18566.1518554688, -102.61899
18578.3583984375, -102.57010
18590.5649414063, -102.27189
18602.7714843750, -102.31864
18614.9780273438, -101.45528
18627.1845703125, -100.77487
18639.3911132813, -101.71816
18651.5976562500, -101.99130
18663.8041992188, -101.68963
18676.0107421875, -102.45116
18688.2172851563, -102.57875
18700.4238281250, -103.49186
18712.6303710938, -101.67045
18724.8369140625, -101.13296
18737.0434570313, -102.04776
18749.2500000000, -102.07481
18761.4565429688, -102.31344
18773.6630859375, -102.84492
18785.8696289063, -102.46849
18798.0761718750, -103.21487
18810.2827148438, -101.66581
18822.4892578125, -101.63126
18834.6958007813, -102.33149
18846.9023437500, -102.29176
18859.1088867188, -102.98275
18871.3154296875, -102.54259
18883.5219726563, -102.84559
18895.7285156250, -101.93808
18907.9350585938, -102.21442
18920.1416015625, -102.00032
18932.3481445313, -102.35310
18944.5546875000, -102.63979
18956.7612304688, -102.47993
18968.9677734375, -102.37225
18981.1743164063, -102.09257
18993.3808593750, -103.21171
19005.5874023438, -102.53785
19017.7939453125, -101.75589
19030.0004882813, -101.71888
19042.2070312500, -102.84509
19054.4135742188, -102.82379
19066.6201171875, -103.14215
19078.8266601563, -103.12828
19091.0332031250, -102.72484
19103.2397460938, -102.18706
19115.4462890625, -102.60925
19127.6528320313, -103.08044
19139.8593750000, -102.24690
19152.0659179688, -102.03720
19164.2724609375, -101.64038
19176.4790039063, -102.54115
19188.6855468750, -102.80546
19200.8920898438, -102.27910
19213.0986328125, -102.46753
19225.3051757813, -102.20035
19237.5117187500, -102.18650
19249.7182617188, -102.68636
19261.9248046875, -102.68970
19274.1313476563, -101.85011
19286.3378906250, -101.85312
19298.5444335938, -102.02906
19310.7509765625, -102.08691
19322.9575195313, -103.09569
19335.1640625000, -103.45635
19347.3706054688, -101.42559
19359.5771484375, -101.45352
19371.7836914063, -103.03783
19383.9902343750, -102.70695
19396.1967773438, -103.04355
19408.4033203125, -102.77023
19420.6098632813, -101.79917
19432.8164062500, -101.44354
19445.0229492188, -102.09147
19457.2294921875, -102.41142
19469.4360351563, -102.63132
19481.6425781250, -102.18874
19493.8491210938, -102.77698
19506.0556640625, -103.63733
19518.2622070313, -103.00101
19530.4687500000, -102.58237
19542.6752929688, -101.31834
19554.8818359375, -101.94235
19567.0883789063, -102.35295
19579.2949218750, -102.23926
19591.5014648438, -102.49411
19603.7080078125, -102.75120
19615.9145507813, -103.29586
19628.1210937500, -102.71810
19640.3276367188, -102.95140
19652.5341796875, -102.06522
19664.7407226563, -103.09124
19676.9472656250, -102.88801
19689.1538085938, -102.90602
19701.3603515625, -103.11496
19713.5668945313, -102.76733
19725.7734375000, -102.38980
19737.9799804688, -102.30413
19750.1865234375, -102.61955
19762.3930664063, -102.91954
19774.5996093750, -102.67860
19786.8061523438, -102.16295
19799.0126953125, -102.81055
19811.2192382813, -103.11748
19823.4257812500, -102.01505
19835.6323242188, -102.65165
19847.8388671875, -102.86119
19860.0454101563, -102.21767
19872.2519531250, -102.28183
19884.4584960938, -102.38173
19896.6650390625, -102.15108
19908.8715820313, -103.47855
19921.0781250000, -103.58418
19933.2846679688, -102.64617
19945.4912109375, -103.30920
19957.6977539063, -103.09560
19969.9042968750, -102.57051
19982.1108398438, -101.83003
19994.3173828125, -102.31633
20006.5239257813, -103.82398
20018.7304687500, -102.72420
20030.9370117188, -101.99963
20043.1435546875, -102.60858
20055.3500976563, -102.53830
20067.5566406250, -102.62777
20079.7631835938, -102.62448
20091.9697265625, -101.76778
20104.1762695313, -102.64048
20116.3828125000, -101.97219
20128.5893554688, -102.78143
20140.7958984375, -102.87116
20153.0024414063, -101.76417
20165.2089843750, -101.98370
20177.4155273438, -101.87195
20189.6220703125, -102.51106
20201.8286132813, -102.07902
20214.0351562500, -101.93370
20226.2416992188, -102.38896
20238.4482421875, -102.81573
20250.6547851563, -102.38292
20262.8613281250, -102.68997
20275.0678710938, -102.61997
20287.2744140625, -102.31234
20299.4809570313, -102.24126
20311.6875000000, -103.02174
20323.8940429688, -103.83012
20336.1005859375, -104.11308
20348.3071289063, -104.20605
20360.5136718750, -104.04619
20372.7202148438, -102.82001
20384.9267578125, -102.63891
20397.1333007813, -103.28169
20409.3398437500, -102.56367
20421.5463867188, -102.71012
20433.7529296875, -103.10475
20445.9594726563, -102.46368
20458.1660156250, -102.42789
20470.3725585938, -102.84888
20482.5791015625, -102.99855
20494.7856445313, -102.26596
20506.9921875000, -102.65454
20519.1987304688, -102.70375
20531.4052734375, -103.46553
20543.6118164063, -102.36967
20555.8183593750, -103.06330
20568.0249023438, -103.12505
20580.2314453125, -103.37145
20592.4379882813, -103.23972
20604.6445312500, -101.35296
20616.8510742188, -101.70508
20629.0576171875, -103.58558
20641.2641601563, -103.06075
20653.4707031250, -103.19042
20665.6772460938, -102.44837
20677.8837890625, -103.26487
20690.0903320313, -103.30878
20702.2968750000, -102.71247
20714.5034179688, -102.62567
20726.7099609375, -103.44236
20738.9165039063, -101.94293
20751.1230468750, -102.35794
20763.3295898438, -102.70203
20775.5361328125, -102.41229
20787.7426757813, -102.45742
20799.9492187500, -103.26594
20812.1557617188, -102.47492
20824.3623046875, -102.43747
20836.5688476563, -101.85921
20848.7753906250, -102.41340
20860.9819335938, -102.79073
20873.1884765625, -104.04395
20885.3950195313, -103.15809
20897.6015625000, -102.48744
20909.8081054688, -102.90614
20922.0146484375, -103.36225
20934.2211914063, -102.11856
20946.4277343750, -102.40187
20958.6342773438, -103.02862
20970.8408203125, -102.93073
20983.0473632813, -102.20793
20995.2539062500, -101.39742
21007.4604492188, -101.79814
21019.6669921875, -101.86457
21031.8735351563, -103.49260
21044.0800781250, -102.86151
21056.2866210938, -103.20248
21068.4931640625, -103.04726
21080.6997070313, -102.97875
21092.9062500000, -102.79659
21105.1127929688, -102.83725
21117.3193359375, -102.73520
21129.5258789063, -102.65005
21141.7324218750, -102.34670
21153.9389648438, -102.03939
21166.1455078125, -102.74533
21178.3520507813, -102.11572
21190.5585937500, -102.70587
21202.7651367188, -103.14803
21214.9716796875, -103.35084
21227.1782226563, -102.53856
21239.3847656250, -102.64493
21251.5913085938, -103.25681
21263.7978515625, -103.67388
21276.0043945313, -103.53495
21288.2109375000, -102.88353
21300.4174804688, -102.81099
21312.6240234375, -102.49949
21324.8305664063, -102.46160
21337.0371093750, -102.50959
21349.2436523438, -102.95184
21361.4501953125, -102.60655
21373.6567382813, -102.37288
21385.8632812500, -103.21580
21398.0698242188, -103.51731
21410.2763671875, -102.41251
21422.4829101563, -102.29904
21434.6894531250, -102.93782
21446.8959960938, -103.25137
21459.1025390625, -102.64627
21471.3090820313, -103.53536
21483.5156250000, -102.58757
21495.7221679688, -101.56331
21507.9287109375, -103.11381
21520.1352539063, -102.99965
21532.3417968750, -102.41630
21544.5483398438, -102.56333
21556.7548828125, -102.55884
21568.9614257813, -102.90615
21581.1679687500, -102.96860
21593.3745117188, -102.62969
21605.5810546875, -103.27615
21617.7875976563, -102.77845
21629.9941406250, -103.13185
21642.2006835938, -102.74132
21654.4072265625, -103.03773
21666.6137695313, -102.63112
21678.8203125000, -103.28047
21691.0268554688, -103.15924
21703.2333984375, -103.06773
21715.4399414063, -103.68665
21727.6464843750, -103.03549
21739.8530273438, -102.52466
21752.0595703125, -102.97078
21764.2661132813, -102.77612
21776.4726562500, -102.46775
21788.6791992188, -102.16817
21800.8857421875, -103.44503
21813.0922851563, -103.36577
21825.2988281250, -103.11495
21837.5053710938, -102.60129
21849.7119140625, -101.64084
21861.9184570313, -103.00040
21874.1250000000, -102.91740
21886.3315429688, -102.95831
21898.5380859375, -104.02753
21910.7446289063, -103.38039
21922.9511718750, -103.72462
21935.1577148438, -103.99941
21947.3642578125, -102.56463
21959.5708007813, -103.52808
21971.7773437500, -103.30648
21983.9838867188, -103.20630
21996.1904296875, -102.69951
22008.3969726563, -102.74530
22020.6035156250, -101.52961
22032.8100585938, -102.93875
22045.0166015625, -102.73386
22057.2231445313, -102.47925
22069.4296875000, -104.57594
22081.6362304688, -103.74109
22093.8427734375, -103.77963
22106.0493164063, -102.88108
22118.2558593750, -102.64075
22130.4624023438, -102.27242
22142.6689453125, -102.53648
22154.8754882813, -102.53280
22167.0820312500, -103.16212
22179.2885742188, -102.83621
22191.4951171875, -102.52550
22203.7016601563, -103.07065
22215.9082031250, -103.31670
22228.1147460938, -103.15075
22240.3212890625, -103.27212
22252.5278320313, -103.20034
22264.7343750000, -102.44201
22276.9409179688, -104.22242
22289.1474609375, -103.44238
22301.3540039063, -103.29941
22313.5605468750, -102.87902
22325.7670898438, -102.64454
22337.9736328125, -103.02353
22350.1801757813, -103.57595
22362.3867187500, -102.10190
22374.5932617188, -103.52775
22386.7998046875, -103.87483
22399.0063476563, -103.95346
22411.2128906250, -102.65317
22423.4194335938, -102.58686
22435.6259765625, -103.34911
22447.8325195313, -102.69199
22460.0390625000, -102.99374
22472.2456054688, -102.05571
22484.4521484375, -102.12161
22496.6586914063, -102.29455
22508.8652343750, -102.32204
22521.0717773438, -103.40394
22533.2783203125, -103.35538
22545.4848632813, -102.55798
22557.6914062500, -103.32513
22569.8979492188, -102.62769
22582.1044921875, -102.85793
22594.3110351563, -103.08343
22606.5175781250, -102.55773
22618.7241210938, -102.17934
22630.9306640625, -101.96844
22643.1372070313, -102.25399
22655.3437500000, -102.70153
22667.5502929688, -102.60339
22679.7568359375, -103.06735
22691.9633789063, -103.35578
22704.1699218750, -104.18899
22716.3764648438, -103.52365
22728.5830078125, -103.37943
22740.7895507813, -104.36798
22752.9960937500, -103.50775
22765.2026367188, -104.21355
22777.4091796875, -103.17646
22789.6157226563, -103.58393
22801.8222656250, -102.84655
22814.0288085938, -103.43741
22826.2353515625, -102.63671
22838.4418945313, -103.16413
22850.6484375000, -103.39089
22862.8549804688, -103.94114
22875.0615234375, -102.57524
22887.2680664063, -103.53258
22899.4746093750, -102.85614
22911.6811523438, -104.09544
22923.8876953125, -102.84533
22936.0942382813, -102.91359
22948.3007812500, -102.47131
22960.5073242188, -103.13656
22972.7138671875, -103.49193
22984.9204101563, -102.29472
22997.1269531250, -103.26335
23009.3334960938, -103.12893
23021.5400390625, -102.70353
23033.7465820313, -102.63951
23045.9531250000, -102.89931
23058.1596679688, -102.71195
23070.3662109375, -102.09920
23082.5727539063, -102.06397
23094.7792968750, -102.38042
23106.9858398438, -102.62293
23119.1923828125, -102.61493
23131.3989257813, -103.16288
23143.6054687500, -102.52053
23155.8120117188, -102.54963
23168.0185546875, -102.01978
23180.2250976563, -102.51002
23192.4316406250, -103.33633
23204.6381835938, -103.85843
23216.8447265625, -103.61499
23229.0512695313, -104.62012
23241.2578125000, -103.44645
23253.4643554688, -102.30299
23265.6708984375, -102.59211
23277.8774414063, -103.04417
23290.0839843750, -103.33394
23302.2905273438, -103.14326
23314.4970703125, -103.18077
23326.7036132813, -102.84635
23338.9101562500, -102.24559
23351.1166992188, -102.62931
23363.3232421875, -103.06772
23375.5297851563, -103.45174
23387.7363281250, -103.77408
23399.9428710938, -102.76106
23412.1494140625, -103.22793
23424.3559570313, -102.66631
23436.5625000000, -103.63818
23448.7690429688, -103.09831
23460.9755859375, -103.99916
23473.1821289063, -103.38077
23485.3886718750, -104.20244
23497.5952148438, -102.72581
23509.8017578125, -102.43798
23522.0083007813, -103.31091
23534.2148437500, -102.69465
23546.4213867188, -102.58585
23558.6279296875, -102.61847
23570.8344726563, -102.81545
23583.0410156250, -102.90008
23595.2475585938, -103.43965
23607.4541015625, -104.45722
23619.6606445313, -103.23025
23631.8671875000, -103.80671
23644.0737304688, -102.88726
23656.2802734375, -101.35524
23668.4868164063, -101.89832
23680.6933593750, -102.50380
23692.8999023438, -104.02474
23705.1064453125, -102.05742
23717.3129882813, -102.21344
23729.5195312500, -102.24302
23741.7260742188, -102.37965
23753.9326171875, -102.83372
23766.1391601563, -102.97663
23778.3457031250, -103.47369
23790.5522460938, -102.29444
23802.7587890625, -102.59253
23814.9653320313, -102.70794
23827.1718750000, -102.38892
23839.3784179688, -103.40926
23851.5849609375, -102.96210
23863.7915039063, -102.53202
23875.9980468750, -102.76842
23888.2045898438, -103.20421
23900.4111328125, -103.96510
23912.6176757813, -102.40434
23924.8242187500, -101.60402
23937.0307617188, -102.58075
23949.2373046875, -103.44569
23961.4438476563, -103.80474
23973.6503906250, -103.46590
23985.8569335938, -102.54353
23998.0634765625, -102.84159
24010.2700195313, -103.94921
24022.4765625000, -103.44465
24034.6831054688, -102.90166
24046.8896484375, -103.22695
24059.0961914063, -101.55642
24071.3027343750, -103.04906
24083.5092773438, -103.05233
24095.7158203125, -103.29825
24107.9223632813, -103.03060
24120.1289062500, -102.35393
24132.3354492188, -103.05092
24144.5419921875, -104.21071
24156.7485351563, -102.02502
24168.9550781250, -102.44848
24181.1616210938, -103.54322
24193.3681640625, -103.95824
24205.5747070313, -103.32259
24217.7812500000, -103.08923
24229.9877929688, -103.55179
24242.1943359375, -104.08907
24254.4008789063, -102.26296
24266.6074218750, -103.02108
24278.8139648438, -103.20604
24291.0205078125, -103.23242
24303.2270507813, -103.10406
24315.4335937500, -102.85191
24327.6401367188, -102.60252
24339.8466796875, -103.80353
24352.0532226563, -103.20451
24364.2597656250, -102.08688
24376.4663085938, -102.58158
24388.6728515625, -102.87220
24400.8793945313, -102.54287
24413.0859375000, -103.43875
24425.2924804688, -103.04037
24437.4990234375, -102.20796
24449.7055664063, -101.88048
24461.9121093750, -101.98202
24474.1186523438, -102.98248
24486.3251953125, -103.83015
24498.5317382813, -103.84037
24510.7382812500, -102.92218
24522.9448242188, -102.97199
24535.1513671875, -103.86478
24547.3579101563, -103.89772
24559.5644531250, -103.65531
24571.7709960938, -103.06448
24583.9775390625, -102.52780
24596.1840820313, -102.95377
24608.3906250000, -102.90057
24620.5971679688, -102.97438
24632.8037109375, -102.34035
24645.0102539063, -101.85869
24657.2167968750, -103.02340
24669.4233398438, -102.67061
24681.6298828125, -102.18905
24693.8364257813, -102.95150
24706.0429687500, -102.91050
24718.2495117188, -103.14206
24730.4560546875, -103.78975
24742.6625976563, -103.69693
24754.8691406250, -102.55836
24767.0756835938, -101.93241
24779.2822265625, -102.65925
24791.4887695313, -103.46255
24803.6953125000, -102.21093
24815.9018554688, -102.60862
24828.1083984375, -102.69782
24840.3149414063, -103.15764
24852.5214843750, -102.53997
24864.7280273438, -102.68894
24876.9345703125, -104.17106
24889.1411132813, -102.64530
24901.3476562500, -102.59262
24913.5541992188, -103.19491
24925.7607421875, -103.48268
24937.9672851563, -103.13163
24950.1738281250, -103.01470
24962.3803710938, -103.16052
24974.5869140625, -103.67205
24986.7934570313, -106.25332
